0.772150,0.415506,1.000000
0.772150,0.415506,2.000000
0.772150,0.415506,3.000000
0.772150,0.415506,4.000000
0.772150,0.415506,5.000000
0.772150,0.415506,6.000000
0.772150,0.415506,7.000000
0.772150,0.415506,8.000000
0.772150,0.415506,9.000000
0.772150,0.415506,10.000000
0.772150,0.415506,11.000000
0.772150,0.415506,12.000000
0.772150,0.415506,13.000000
0.772150,0.415506,14.000000
0.772150,0.415506,15.000000
0.772150,0.415506,16.000000
0.772150,0.415506,17.000000
0.772150,0.415506,18.000000
0.772150,0.415506,19.000000
0.772150,0.415506,20.000000
0.772150,0.415506,21.000000
0.772150,0.415506,22.000000
0.772150,0.415506,23.000000
0.772150,0.415506,24.000000
0.772150,0.415506,25.000000
0.772150,0.415506,26.000000
0.772150,0.415506,27.000000
0.772150,0.415506,28.000000
0.772150,0.415506,29.000000
0.772150,0.415506,30.000000
0.772150,0.415506,31.000000
0.772150,0.415506,32.000000
0.772150,0.415506,33.000000
0.772150,0.415506,34.000000
0.772150,0.415506,35.000000
0.772150,0.415506,36.000000
0.772150,0.415506,37.000000
0.772150,0.415506,38.000000
0.772150,0.415506,39.000000
0.772150,0.415506,40.000000
0.772150,0.415506,41.000000
0.772150,0.415506,42.000000
0.772150,0.415506,43.000000
0.772150,0.415506,44.000000
0.772150,0.415506,45.000000
0.772150,0.415506,46.000000
0.772150,0.415506,47.000000
0.772150,0.415506,48.000000
0.772150,0.415506,49.000000
0.772150,0.415506,50.000000
0.772150,0.415506,51.000000
0.772150,0.415506,52.000000
0.772150,0.415506,53.000000
0.772150,0.415506,54.000000
0.772150,0.415506,55.000000
0.772150,0.415506,56.000000
0.772150,0.415506,57.000000
0.772150,0.415506,58.000000
0.772150,0.415506,59.000000
0.772150,0.415506,60.000000
0.772150,0.415506,61.000000
0.772150,0.415506,62.000000
0.772150,0.415506,63.000000
0.772150,0.415506,64.000000
0.772150,0.415506,65.000000
0.772150,0.415506,66.000000
0.772150,0.415506,67.000000
0.772150,0.415506,68.000000
0.772150,0.415506,69.000000
0.772150,0.415506,70.000000
0.772150,0.415506,71.000000
0.772150,0.415506,72.000000
0.772150,0.415506,73.000000
0.772150,0.415506,74.000000
0.772150,0.415506,75.000000
0.772150,0.415506,76.000000
0.772150,0.415506,77.000000
0.772150,0.415506,78.000000
0.772150,0.415506,79.000000
0.772150,0.415506,80.000000
0.772150,0.415506,81.000000
0.772150,0.415506,82.000000
0.772150,0.415506,83.000000
0.772150,0.415506,84.000000
0.772150,0.415506,85.000000
0.772150,0.415506,86.000000
0.772150,0.415506,87.000000
0.772150,0.415506,88.000000
0.772150,0.415506,89.000000
0.772150,0.415506,90.000000
0.772150,0.415506,91.000000
0.772150,0.415506,92.000000
0.772150,0.415506,93.000000
0.772150,0.415506,94.000000
0.772150,0.415506,95.000000
0.772150,0.415506,96.000000
0.772150,0.415506,97.000000
0.772150,0.415506,98.000000
0.772150,0.415506,99.000000
0.772150,0.415506,100.000000
0.772150,0.415506,101.000000
0.772150,0.415506,102.000000
0.772150,0.415506,103.000000
0.772150,0.415506,104.000000
0.772150,0.415506,105.000000
0.772150,0.415506,106.000000
0.772150,0.415506,107.000000
0.772150,0.415506,108.000000
0.772150,0.415506,109.000000
0.772150,0.415506,110.000000
0.772150,0.415506,111.000000
0.772150,0.415506,112.000000
0.772150,0.415506,113.000000
0.772150,0.415506,114.000000
0.772150,0.415506,115.000000
0.772150,0.415506,116.000000
0.772150,0.415506,117.000000
0.772150,0.415506,118.000000
0.772150,0.415506,119.000000
0.772150,0.415506,120.000000
0.772150,0.415506,121.000000
0.772150,0.415506,122.000000
0.772150,0.415506,123.000000
0.772150,0.415506,124.000000
0.772150,0.415506,125.000000
0.772150,0.415506,126.000000
0.772150,0.415506,127.000000
0.772150,0.415506,128.000000
0.772150,0.415506,129.000000
0.772150,0.415506,130.000000
0.772150,0.415506,131.000000
0.772150,0.415506,132.000000
0.772150,0.415506,133.000000
0.772150,0.415506,134.000000
0.772150,0.415506,135.000000
0.772150,0.415506,136.000000
0.772150,0.415506,137.000000
0.772150,0.415506,138.000000
0.772150,0.415506,139.000000
0.772150,0.415506,140.000000
0.772150,0.415506,141.000000
0.772150,0.415506,142.000000
0.772150,0.415506,143.000000
0.772150,0.415506,144.000000
0.772150,0.415506,145.000000
0.772150,0.415506,146.000000
0.772150,0.415506,147.000000
0.772150,0.415506,148.000000
0.772150,0.415506,149.000000
0.772150,0.415506,150.000000
0.772150,0.415506,151.000000
0.772150,0.415506,152.000000
0.772150,0.415506,153.000000
0.772150,0.415506,154.000000
0.772150,0.415506,155.000000
0.772150,0.415506,156.000000
0.772150,0.415506,157.000000
0.772150,0.415506,158.000000
0.772150,0.415506,159.000000
0.772150,0.415506,160.000000
0.772150,0.415506,161.000000
0.772150,0.415506,162.000000
0.772150,0.415506,163.000000
0.772150,0.415506,164.000000
0.772150,0.415506,165.000000
0.772150,0.415506,166.000000
0.772150,0.415506,167.000000
0.772150,0.415506,168.000000
0.772150,0.415506,169.000000
0.772150,0.415506,170.000000
0.772150,0.415506,171.000000
0.772150,0.415506,172.000000
0.772150,0.415506,173.000000
0.772150,0.415506,174.000000
0.772150,0.415506,175.000000
0.772150,0.415506,176.000000
0.772150,0.415506,177.000000
0.772150,0.415506,178.000000
0.772150,0.415506,179.000000
0.772150,0.415506,180.000000
0.772150,0.415506,181.000000
0.772150,0.415506,182.000000
0.772150,0.415506,183.000000
0.772150,0.415506,184.000000
0.772150,0.415506,185.000000
0.772150,0.415506,186.000000
0.772150,0.415506,187.000000
0.772150,0.415506,188.000000
0.772150,0.415506,189.000000
0.772150,0.415506,190.000000
0.772150,0.415506,191.000000
0.772150,0.415506,192.000000
0.772150,0.415506,193.000000
0.772150,0.415506,194.000000
0.772150,0.415506,195.000000
0.772150,0.415506,196.000000
0.772150,0.415506,197.000000
0.772150,0.415506,198.000000
0.772150,0.415506,199.000000
0.772150,0.415506,200.000000
0.772150,0.415506,201.000000
0.772150,0.415506,202.000000
0.772150,0.415506,203.000000
0.772150,0.415506,204.000000
0.772150,0.415506,205.000000
0.772150,0.415506,206.000000
0.772150,0.415506,207.000000
0.772150,0.415506,208.000000
0.772150,0.415506,209.000000
0.772150,0.415506,210.000000
0.772150,0.415506,211.000000
0.772150,0.415506,212.000000
0.772150,0.415506,213.000000
0.772150,0.415506,214.000000
0.772150,0.415506,215.000000
0.772150,0.415506,216.000000
0.772150,0.415506,217.000000
0.772150,0.415506,218.000000
0.772150,0.415506,219.000000
0.772150,0.415506,220.000000
0.772150,0.415506,221.000000
0.772150,0.415506,222.000000
0.772150,0.415506,223.000000
0.772150,0.415506,224.000000
0.772150,0.415506,225.000000
0.772150,0.415506,226.000000
0.772150,0.415506,227.000000
0.772150,0.415506,228.000000
0.772150,0.415506,229.000000
0.772150,0.415506,230.000000
0.772150,0.415506,231.000000
0.772150,0.415506,232.000000
0.772150,0.415506,233.000000
0.772150,0.415506,234.000000
0.772150,0.415506,235.000000
0.772150,0.415506,236.000000
0.772150,0.415506,237.000000
0.772150,0.415506,238.000000
0.772150,0.415506,239.000000
0.772150,0.415506,240.000000
0.772150,0.415506,241.000000
0.772150,0.415506,242.000000
0.772150,0.415506,243.000000
0.772150,0.415506,244.000000
0.772150,0.415506,245.000000
0.772150,0.415506,246.000000
0.772150,0.415506,247.000000
0.772150,0.415506,248.000000
0.772150,0.415506,249.000000
0.772150,0.415506,250.000000
0.772150,0.415506,251.000000
0.772150,0.415506,252.000000
0.772150,0.415506,253.000000
0.772150,0.415506,254.000000
0.772150,0.415506,255.000000
0.772150,0.415506,256.000000
0.772150,0.415506,257.000000
0.772150,0.415506,258.000000
0.772150,0.415506,259.000000
0.772150,0.415506,260.000000
0.772150,0.415506,261.000000
0.772150,0.415506,262.000000
0.772150,0.415506,263.000000
0.772150,0.415506,264.000000
0.772150,0.415506,265.000000
0.772150,0.415506,266.000000
0.772150,0.415506,267.000000
0.772150,0.415506,268.000000
0.772150,0.415506,269.000000
0.772150,0.415506,270.000000
0.772150,0.415506,271.000000
0.772150,0.415506,272.000000
0.772150,0.415506,273.000000
0.772150,0.415506,274.000000
0.772150,0.415506,275.000000
0.772150,0.415506,276.000000
0.772150,0.415506,277.000000
0.772150,0.415506,278.000000
0.772150,0.415506,279.000000
0.772150,0.415506,280.000000
0.772150,0.415506,281.000000
0.772150,0.415506,282.000000
0.772150,0.415506,283.000000
0.772150,0.415506,284.000000
0.772150,0.415506,285.000000
0.772150,0.415506,286.000000
0.772150,0.415506,287.000000
0.772150,0.415506,288.000000
0.772150,0.415506,289.000000
0.772150,0.415506,290.000000
0.772150,0.415506,291.000000
0.772150,0.415506,292.000000
0.772150,0.415506,293.000000
0.772150,0.415506,294.000000
0.772150,0.415506,295.000000
0.772150,0.415506,296.000000
0.772150,0.415506,297.000000
0.772150,0.415506,298.000000
0.772150,0.415506,299.000000
0.772150,0.415506,300.000000
0.772150,0.415506,301.000000
0.772150,0.415506,302.000000
0.772150,0.415506,303.000000
0.772150,0.415506,304.000000
0.772150,0.415506,305.000000
0.772150,0.415506,306.000000
0.772150,0.415506,307.000000
0.772150,0.415506,308.000000
0.772150,0.415506,309.000000
0.772150,0.415506,310.000000
0.772150,0.415506,311.000000
0.772150,0.415506,312.000000
0.772150,0.415506,313.000000
0.772150,0.415506,314.000000
0.772150,0.415506,315.000000
0.772150,0.415506,316.000000
0.772150,0.415506,317.000000
0.772150,0.415506,318.000000
0.772150,0.415506,319.000000
0.772150,0.415506,320.000000
0.772150,0.415506,321.000000
0.772150,0.415506,322.000000
0.772150,0.415506,323.000000
0.772150,0.415506,324.000000
0.772150,0.415506,325.000000
0.772150,0.415506,326.000000
0.772150,0.415506,327.000000
0.772150,0.415506,328.000000
0.772150,0.415506,329.000000
0.772150,0.415506,330.000000
0.772150,0.415506,331.000000
0.772150,0.415506,332.000000
0.772150,0.415506,333.000000
0.772150,0.415506,334.000000
0.772150,0.415506,335.000000
0.772150,0.415506,336.000000
0.772150,0.415506,337.000000
0.772150,0.415506,338.000000
0.772150,0.415506,339.000000
0.772150,0.415506,340.000000
0.772150,0.415506,341.000000
0.772150,0.415506,342.000000
0.772150,0.415506,343.000000
0.772150,0.415506,344.000000
0.772150,0.415506,345.000000
0.772150,0.415506,346.000000
0.772150,0.415506,347.000000
0.772150,0.415506,348.000000
0.772150,0.415506,349.000000
0.772150,0.415506,350.000000
0.772150,0.415506,351.000000
0.772150,0.415506,352.000000
0.772150,0.415506,353.000000
0.772150,0.415506,354.000000
0.772150,0.415506,355.000000
0.772150,0.415506,356.000000
0.772150,0.415506,357.000000
0.772150,0.415506,358.000000
0.772150,0.415506,359.000000
0.772150,0.415506,360.000000
0.772150,0.415506,361.000000
0.772150,0.415506,362.000000
0.772150,0.415506,363.000000
0.772150,0.415506,364.000000
0.772150,0.415506,365.000000
0.772150,0.415506,366.000000
0.772150,0.415506,367.000000
0.772150,0.415506,368.000000
0.772150,0.415506,369.000000
0.772150,0.415506,370.000000
0.772150,0.415506,371.000000
0.772150,0.415506,372.000000
0.772150,0.415506,373.000000
0.772150,0.415506,374.000000
0.772150,0.415506,375.000000
0.772150,0.415506,376.000000
0.772150,0.415506,377.000000
0.772150,0.415506,378.000000
0.772150,0.415506,379.000000
0.772150,0.415506,380.000000
0.772150,0.415506,381.000000
0.772150,0.415506,382.000000
0.772150,0.415506,383.000000
0.772150,0.415506,384.000000
0.772150,0.415506,385.000000
0.772150,0.415506,386.000000
0.772150,0.415506,387.000000
0.772150,0.415506,388.000000
0.772150,0.415506,389.000000
0.772150,0.415506,390.000000
0.772150,0.415506,391.000000
0.772150,0.415506,392.000000
0.772150,0.415506,393.000000
0.772150,0.415506,394.000000
0.772150,0.415506,395.000000
0.772150,0.415506,396.000000
0.772150,0.415506,397.000000
0.772150,0.415506,398.000000
0.772150,0.415506,399.000000
0.772150,0.415506,400.000000
0.772150,0.415506,401.000000
0.772150,0.415506,402.000000
0.772150,0.415506,403.000000
0.772150,0.415506,404.000000
0.772150,0.415506,405.000000
0.772150,0.415506,406.000000
0.772150,0.415506,407.000000
0.772150,0.415506,408.000000
0.772150,0.415506,409.000000
0.772150,0.415506,410.000000
0.772150,0.415506,411.000000
0.772150,0.415506,412.000000
0.772150,0.415506,413.000000
0.772150,0.415506,414.000000
0.772150,0.415506,415.000000
0.772150,0.415506,416.000000
0.772150,0.415506,417.000000
0.772150,0.415506,418.000000
0.772150,0.415506,419.000000
0.772150,0.415506,420.000000
0.772150,0.415506,421.000000
0.772150,0.415506,422.000000
0.772150,0.415506,423.000000
0.772150,0.415506,424.000000
0.772150,0.415506,425.000000
0.772150,0.415506,426.000000
0.772150,0.415506,427.000000
0.772150,0.415506,428.000000
0.772150,0.415506,429.000000
0.772150,0.415506,430.000000
0.772150,0.415506,431.000000
0.772150,0.415506,432.000000
0.772150,0.415506,433.000000
0.772150,0.415506,434.000000
0.772150,0.415506,435.000000
0.772150,0.415506,436.000000
0.772150,0.415506,437.000000
0.772150,0.415506,438.000000
0.772150,0.415506,439.000000
0.772150,0.415506,440.000000
0.772150,0.415506,441.000000
0.772150,0.415506,442.000000
0.772150,0.415506,443.000000
0.772150,0.415506,444.000000
0.772150,0.415506,445.000000
0.772150,0.415506,446.000000
0.772150,0.415506,447.000000
0.772150,0.415506,448.000000
0.772150,0.415506,449.000000
0.772150,0.415506,450.000000
0.772150,0.415506,451.000000
0.772150,0.415506,452.000000
0.772150,0.415506,453.000000
0.772150,0.415506,454.000000
0.772150,0.415506,455.000000
0.772150,0.415506,456.000000
0.772150,0.415506,457.000000
0.772150,0.415506,458.000000
0.772150,0.415506,459.000000
0.772150,0.415506,460.000000
0.772150,0.415506,461.000000
0.772150,0.415506,462.000000
0.772150,0.415506,463.000000
0.772150,0.415506,464.000000
0.772150,0.415506,465.000000
0.772150,0.415506,466.000000
0.772150,0.415506,467.000000
0.772150,0.415506,468.000000
0.772150,0.415506,469.000000
0.772150,0.415506,470.000000
0.772150,0.415506,471.000000
0.772150,0.415506,472.000000
0.772150,0.415506,473.000000
0.772150,0.415506,474.000000
0.772150,0.415506,475.000000
0.772150,0.415506,476.000000
0.772150,0.415506,477.000000
0.772150,0.415506,478.000000
0.772150,0.415506,479.000000
0.772150,0.415506,480.000000
0.772150,0.415506,481.000000
0.772150,0.415506,482.000000
0.772150,0.415506,483.000000
0.772150,0.415506,484.000000
0.772150,0.415506,485.000000
0.772150,0.415506,486.000000
0.772150,0.415506,487.000000
0.772150,0.415506,488.000000
0.772150,0.415506,489.000000
0.772150,0.415506,490.000000
0.772150,0.415506,491.000000
0.772150,0.415506,492.000000
0.772150,0.415506,493.000000
0.772150,0.415506,494.000000
0.772150,0.415506,495.000000
0.772150,0.415506,496.000000
0.772150,0.415506,497.000000
0.772150,0.415506,498.000000
0.772150,0.415506,499.000000
0.772150,0.415506,500.000000
0.772150,0.415506,501.000000
0.772150,0.415506,502.000000
0.772150,0.415506,503.000000
0.772150,0.415506,504.000000
0.772150,0.415506,505.000000
0.772150,0.415506,506.000000
0.772150,0.415506,507.000000
0.772150,0.415506,508.000000
0.772150,0.415506,509.000000
0.772150,0.415506,510.000000
0.772150,0.415506,511.000000
0.772150,0.415506,512.000000
0.772150,0.415506,513.000000
0.772150,0.415506,514.000000
0.772150,0.415506,515.000000
0.772150,0.415506,516.000000
0.772150,0.415506,517.000000
0.772150,0.415506,518.000000
0.772150,0.415506,519.000000
0.772150,0.415506,520.000000
0.772150,0.415506,521.000000
0.772150,0.415506,522.000000
0.772150,0.415506,523.000000
0.772150,0.415506,524.000000
0.772150,0.415506,525.000000
0.772150,0.415506,526.000000
0.772150,0.415506,527.000000
0.772150,0.415506,528.000000
0.772150,0.415506,529.000000
0.772150,0.415506,530.000000
0.772150,0.415506,531.000000
0.772150,0.415506,532.000000
0.772150,0.415506,533.000000
0.772150,0.415506,534.000000
0.772150,0.415506,535.000000
0.772150,0.415506,536.000000
0.772150,0.415506,537.000000
0.772150,0.415506,538.000000
0.772150,0.415506,539.000000
0.772150,0.415506,540.000000
0.772150,0.415506,541.000000
0.772150,0.415506,542.000000
0.772150,0.415506,543.000000
0.772150,0.415506,544.000000
0.772150,0.415506,545.000000
0.772150,0.415506,546.000000
0.772150,0.415506,547.000000
0.772150,0.415506,548.000000
0.772150,0.415506,549.000000
0.772150,0.415506,550.000000
0.772150,0.415506,551.000000
0.772150,0.415506,552.000000
0.772150,0.415506,553.000000
0.772150,0.415506,554.000000
0.772150,0.415506,555.000000
0.772150,0.415506,556.000000
0.772150,0.415506,557.000000
0.772150,0.415506,558.000000
0.772150,0.415506,559.000000
0.772150,0.415506,560.000000
0.772150,0.415506,561.000000
0.772150,0.415506,562.000000
0.772150,0.415506,563.000000
0.772150,0.415506,564.000000
0.772150,0.415506,565.000000
0.772150,0.415506,566.000000
0.772150,0.415506,567.000000
0.772150,0.415506,568.000000
0.772150,0.415506,569.000000
0.772150,0.415506,570.000000
0.772150,0.415506,571.000000
0.772150,0.415506,572.000000
0.772150,0.415506,573.000000
0.772150,0.415506,574.000000
0.772150,0.415506,575.000000
0.772150,0.415506,576.000000
0.772150,0.415506,577.000000
0.772150,0.415506,578.000000
0.772150,0.415506,579.000000
0.772150,0.415506,580.000000
0.772150,0.415506,581.000000
0.772150,0.415506,582.000000
0.772150,0.415506,583.000000
0.772150,0.415506,584.000000
0.772150,0.415506,585.000000
0.772150,0.415506,586.000000
0.772150,0.415506,587.000000
0.772150,0.415506,588.000000
0.772150,0.415506,589.000000
0.772150,0.415506,590.000000
0.772150,0.415506,591.000000
0.772150,0.415506,592.000000
0.772150,0.415506,593.000000
0.772150,0.415506,594.000000
0.772150,0.415506,595.000000
0.772150,0.415506,596.000000
0.772150,0.415506,597.000000
0.772150,0.415506,598.000000
0.772150,0.415506,599.000000
0.772150,0.415506,600.000000
0.772150,0.415506,601.000000
0.772150,0.415506,602.000000
0.772150,0.415506,603.000000
0.772150,0.415506,604.000000
0.772150,0.415506,605.000000
0.772150,0.415506,606.000000
0.772150,0.415506,607.000000
0.772150,0.415506,608.000000
0.772150,0.415506,609.000000
0.772150,0.415506,610.000000
0.772150,0.415506,611.000000
0.772150,0.415506,612.000000
0.772150,0.415506,613.000000
0.772150,0.415506,614.000000
0.772150,0.415506,615.000000
0.772150,0.415506,616.000000
0.772150,0.415506,617.000000
0.772150,0.415506,618.000000
0.772150,0.415506,619.000000
0.772150,0.415506,620.000000
0.772150,0.415506,621.000000
0.772150,0.415506,622.000000
0.772150,0.415506,623.000000
0.772150,0.415506,624.000000
0.772150,0.415506,625.000000
0.772150,0.415506,626.000000
0.772150,0.415506,627.000000
0.772150,0.415506,628.000000
0.772150,0.415506,629.000000
0.772150,0.415506,630.000000
0.772150,0.415506,631.000000
0.772150,0.415506,632.000000
0.772150,0.415506,633.000000
0.772150,0.415506,634.000000
0.772150,0.415506,635.000000
0.772150,0.415506,636.000000
0.772150,0.415506,637.000000
0.772150,0.415506,638.000000
0.772150,0.415506,639.000000
0.772150,0.415506,640.000000
0.772150,0.415506,641.000000
0.772150,0.415506,642.000000
0.772150,0.415506,643.000000
0.772150,0.415506,644.000000
0.772150,0.415506,645.000000
0.772150,0.415506,646.000000
0.772150,0.415506,647.000000
0.772150,0.415506,648.000000
0.772150,0.415506,649.000000
0.772150,0.415506,650.000000
0.772150,0.415506,651.000000
0.772150,0.415506,652.000000
0.772150,0.415506,653.000000
0.772150,0.415506,654.000000
0.772150,0.415506,655.000000
0.772150,0.415506,656.000000
0.772150,0.415506,657.000000
0.772150,0.415506,658.000000
0.772150,0.415506,659.000000
0.772150,0.415506,660.000000
0.772150,0.415506,661.000000
0.772150,0.415506,662.000000
0.772150,0.415506,663.000000
0.772150,0.415506,664.000000
0.772150,0.415506,665.000000
0.772150,0.415506,666.000000
0.772150,0.415506,667.000000
0.772150,0.415506,668.000000
0.772150,0.415506,669.000000
0.772150,0.415506,670.000000
0.772150,0.415506,671.000000
0.772150,0.415506,672.000000
0.772150,0.415506,673.000000
0.772150,0.415506,674.000000
0.772150,0.415506,675.000000
0.772150,0.415506,676.000000
0.772150,0.415506,677.000000
0.772150,0.415506,678.000000
0.772150,0.415506,679.000000
0.772150,0.415506,680.000000
0.772150,0.415506,681.000000
0.772150,0.415506,682.000000
0.772150,0.415506,683.000000
0.772150,0.415506,684.000000
0.772150,0.415506,685.000000
0.772150,0.415506,686.000000
0.772150,0.415506,687.000000
0.772150,0.415506,688.000000
0.772150,0.415506,689.000000
0.772150,0.415506,690.000000
0.772150,0.415506,691.000000
0.772150,0.415506,692.000000
0.772150,0.415506,693.000000
0.772150,0.415506,694.000000
0.772150,0.415506,695.000000
0.772150,0.415506,696.000000
0.772150,0.415506,697.000000
0.772150,0.415506,698.000000
0.772150,0.415506,699.000000
0.772150,0.415506,700.000000
0.772150,0.415506,701.000000
0.772150,0.415506,702.000000
0.772150,0.415506,703.000000
0.772150,0.415506,704.000000
0.772150,0.415506,705.000000
0.772150,0.415506,706.000000
0.772150,0.415506,707.000000
0.772150,0.415506,708.000000
0.772150,0.415506,709.000000
0.772150,0.415506,710.000000
0.772150,0.415506,711.000000
0.772150,0.415506,712.000000
0.772150,0.415506,713.000000
0.772150,0.415506,714.000000
0.772150,0.415506,715.000000
0.772150,0.415506,716.000000
0.772150,0.415506,717.000000
0.772150,0.415506,718.000000
0.772150,0.415506,719.000000
0.772150,0.415506,720.000000
0.772150,0.415506,721.000000
0.772150,0.415506,722.000000
0.772150,0.415506,723.000000
0.772150,0.415506,724.000000
0.772150,0.415506,725.000000
0.772150,0.415506,726.000000
0.772150,0.415506,727.000000
0.772150,0.415506,728.000000
0.772150,0.415506,729.000000
0.772150,0.415506,730.000000
0.772150,0.415506,731.000000
0.772150,0.415506,732.000000
0.772150,0.415506,733.000000
0.772150,0.415506,734.000000
0.772150,0.415506,735.000000
0.772150,0.415506,736.000000
0.772150,0.415506,737.000000
0.772150,0.415506,738.000000
0.772150,0.415506,739.000000
0.772150,0.415506,740.000000
0.772150,0.415506,741.000000
0.772150,0.415506,742.000000
0.772150,0.415506,743.000000
0.772150,0.415506,744.000000
0.772150,0.415506,745.000000
0.772150,0.415506,746.000000
0.772150,0.415506,747.000000
0.772150,0.415506,748.000000
0.772150,0.415506,749.000000
0.772150,0.415506,750.000000
0.772150,0.415506,751.000000
0.772150,0.415506,752.000000
0.772150,0.415506,753.000000
0.772150,0.415506,754.000000
0.772150,0.415506,755.000000
0.772150,0.415506,756.000000
0.772150,0.415506,757.000000
0.772150,0.415506,758.000000
0.772150,0.415506,759.000000
0.772150,0.415506,760.000000
0.772150,0.415506,761.000000
0.772150,0.415506,762.000000
0.772150,0.415506,763.000000
0.772150,0.415506,764.000000
0.772150,0.415506,765.000000
0.772150,0.415506,766.000000
0.772150,0.415506,767.000000
0.772150,0.415506,768.000000
0.772150,0.415506,769.000000
0.772150,0.415506,770.000000
0.772150,0.415506,771.000000
0.772150,0.415506,772.000000
0.772150,0.415506,773.000000
0.772150,0.415506,774.000000
0.772150,0.415506,775.000000
0.772150,0.415506,776.000000
0.772150,0.415506,777.000000
0.772150,0.415506,778.000000
0.772150,0.415506,779.000000
0.772150,0.415506,780.000000
0.772150,0.415506,781.000000
0.772150,0.415506,782.000000
0.772150,0.415506,783.000000
0.772150,0.415506,784.000000
0.772150,0.415506,785.000000
0.772150,0.415506,786.000000
0.772150,0.415506,787.000000
0.772150,0.415506,788.000000
0.772150,0.415506,789.000000
0.772150,0.415506,790.000000
0.772150,0.415506,791.000000
0.772150,0.415506,792.000000
0.772150,0.415506,793.000000
0.772150,0.415506,794.000000
0.772150,0.415506,795.000000
0.772150,0.415506,796.000000
0.772150,0.415506,797.000000
0.772150,0.415506,798.000000
0.772150,0.415506,799.000000
0.772150,0.415506,800.000000
0.772150,0.415506,801.000000
0.772150,0.415506,802.000000
0.772150,0.415506,803.000000
0.772150,0.415506,804.000000
0.772150,0.415506,805.000000
0.772150,0.415506,806.000000
0.772150,0.415506,807.000000
0.772150,0.415506,808.000000
0.772150,0.415506,809.000000
0.772150,0.415506,810.000000
0.772150,0.415506,811.000000
0.772150,0.415506,812.000000
0.772150,0.415506,813.000000
0.772150,0.415506,814.000000
0.772150,0.415506,815.000000
0.772150,0.415506,816.000000
0.772150,0.415506,817.000000
0.772150,0.415506,818.000000
0.772150,0.415506,819.000000
0.772150,0.415506,820.000000
0.772150,0.415506,821.000000
0.772150,0.415506,822.000000
0.772150,0.415506,823.000000
0.772150,0.415506,824.000000
0.772150,0.415506,825.000000
0.772150,0.415506,826.000000
0.772150,0.415506,827.000000
0.772150,0.415506,828.000000
0.772150,0.415506,829.000000
0.772150,0.415506,830.000000
0.772150,0.415506,831.000000
0.772150,0.415506,832.000000
0.772150,0.415506,833.000000
0.772150,0.415506,834.000000
0.772150,0.415506,835.000000
0.772150,0.415506,836.000000
0.772150,0.415506,837.000000
0.772150,0.415506,838.000000
0.772150,0.415506,839.000000
0.772150,0.415506,840.000000
0.772150,0.415506,841.000000
0.772150,0.415506,842.000000
0.772150,0.415506,843.000000
0.772150,0.415506,844.000000
0.772150,0.415506,845.000000
0.772150,0.415506,846.000000
0.772150,0.415506,847.000000
0.772150,0.415506,848.000000
0.772150,0.415506,849.000000
0.772150,0.415506,850.000000
0.772150,0.415506,851.000000
0.772150,0.415506,852.000000
0.772150,0.415506,853.000000
0.772150,0.415506,854.000000
0.772150,0.415506,855.000000
0.772150,0.415506,856.000000
0.772150,0.415506,857.000000
0.772150,0.415506,858.000000
0.772150,0.415506,859.000000
0.772150,0.415506,860.000000
0.772150,0.415506,861.000000
0.772150,0.415506,862.000000
0.772150,0.415506,863.000000
0.772150,0.415506,864.000000
0.772150,0.415506,865.000000
0.772150,0.415506,866.000000
0.772150,0.415506,867.000000
0.772150,0.415506,868.000000
0.772150,0.415506,869.000000
0.772150,0.415506,870.000000
0.772150,0.415506,871.000000
0.772150,0.415506,872.000000
0.772150,0.415506,873.000000
0.772150,0.415506,874.000000
0.772150,0.415506,875.000000
0.772150,0.415506,876.000000
0.772150,0.415506,877.000000
0.772150,0.415506,878.000000
0.772150,0.415506,879.000000
0.772150,0.415506,880.000000
0.772150,0.415506,881.000000
0.772150,0.415506,882.000000
0.772150,0.415506,883.000000
0.772150,0.415506,884.000000
0.772150,0.415506,885.000000
0.772150,0.415506,886.000000
0.772150,0.415506,887.000000
0.772150,0.415506,888.000000
0.772150,0.415506,889.000000
0.772150,0.415506,890.000000
0.772150,0.415506,891.000000
0.772150,0.415506,892.000000
0.772150,0.415506,893.000000
0.772150,0.415506,894.000000
0.772150,0.415506,895.000000
0.772150,0.415506,896.000000
0.772150,0.415506,897.000000
0.772150,0.415506,898.000000
0.772150,0.415506,899.000000
0.772150,0.415506,900.000000
0.772150,0.415506,901.000000
0.772150,0.415506,902.000000
0.772150,0.415506,903.000000
0.772150,0.415506,904.000000
0.772150,0.415506,905.000000
0.772150,0.415506,906.000000
0.772150,0.415506,907.000000
0.772150,0.415506,908.000000
0.772150,0.415506,909.000000
0.772150,0.415506,910.000000
0.772150,0.415506,911.000000
0.772150,0.415506,912.000000
0.772150,0.415506,913.000000
0.772150,0.415506,914.000000
0.772150,0.415506,915.000000
0.772150,0.415506,916.000000
0.772150,0.415506,917.000000
0.772150,0.415506,918.000000
0.772150,0.415506,919.000000
0.772150,0.415506,920.000000
0.772150,0.415506,921.000000
0.772150,0.415506,922.000000
0.772150,0.415506,923.000000
0.772150,0.415506,924.000000
0.772150,0.415506,925.000000
0.772150,0.415506,926.000000
0.772150,0.415506,927.000000
0.772150,0.415506,928.000000
0.772150,0.415506,929.000000
0.772150,0.415506,930.000000
0.772150,0.415506,931.000000
0.772150,0.415506,932.000000
0.772150,0.415506,933.000000
0.772150,0.415506,934.000000
0.772150,0.415506,935.000000
0.772150,0.415506,936.000000
0.772150,0.415506,937.000000
0.772150,0.415506,938.000000
0.772150,0.415506,939.000000
0.772150,0.415506,940.000000
0.772150,0.415506,941.000000
0.772150,0.415506,942.000000
0.772150,0.415506,943.000000
0.772150,0.415506,944.000000
0.772150,0.415506,945.000000
0.772150,0.415506,946.000000
0.772150,0.415506,947.000000
0.772150,0.415506,948.000000
0.772150,0.415506,949.000000
0.772150,0.415506,950.000000
0.772150,0.415506,951.000000
0.772150,0.415506,952.000000
0.772150,0.415506,953.000000
0.772150,0.415506,954.000000
0.772150,0.415506,955.000000
0.772150,0.415506,956.000000
0.772150,0.415506,957.000000
0.772150,0.415506,958.000000
0.772150,0.415506,959.000000
0.772150,0.415506,960.000000
0.772150,0.415506,961.000000
0.772150,0.415506,962.000000
0.772150,0.415506,963.000000
0.772150,0.415506,964.000000
0.772150,0.415506,965.000000
0.772150,0.415506,966.000000
0.772150,0.415506,967.000000
0.772150,0.415506,968.000000
0.772150,0.415506,969.000000
0.772150,0.415506,970.000000
0.772150,0.415506,971.000000
0.772150,0.415506,972.000000
0.772150,0.415506,973.000000
0.772150,0.415506,974.000000
0.772150,0.415506,975.000000
0.772150,0.415506,976.000000
0.772150,0.415506,977.000000
0.772150,0.415506,978.000000
0.772150,0.415506,979.000000
0.772150,0.415506,980.000000
0.772150,0.415506,981.000000
0.772150,0.415506,982.000000
0.772150,0.415506,983.000000
0.772150,0.415506,984.000000
0.772150,0.415506,985.000000
0.772150,0.415506,986.000000
0.772150,0.415506,987.000000
0.772150,0.415506,988.000000
0.772150,0.415506,989.000000
0.772150,0.415506,990.000000
0.772150,0.415506,991.000000
0.772150,0.415506,992.000000
0.772150,0.415506,993.000000
0.772150,0.415506,994.000000
0.772150,0.415506,995.000000
0.772150,0.415506,996.000000
0.772150,0.415506,997.000000
0.772150,0.415506,998.000000
0.772150,0.415506,999.000000
0.772150,0.415506,1000.000000
