-1.272336
-2.579032
-0.395104
-0.455787
-0.360431
-2.155937
-0.592909
0.323804
-1.993951
-1.720112
-1.885787
-2.312189
0.039972
-0.173597
-0.904035
-1.875615
-0.236681
-0.285597
-0.907586
-1.721507
-1.257340
-2.550301
-0.333437
-0.075829
-1.019881
-2.693010
-0.413648
-0.672250
-0.900658
-2.705585
-1.515542
-2.853349
-0.252377
-1.182569
-1.044684
-2.820633
-0.364209
-0.245595
-1.027494
-2.584347
-0.577299
-3.384948
-0.201761
-0.777830
-1.088131
-2.168260
0.051811
-1.253325
-1.234177
-2.024366
-0.779224
-2.920629
0.092392
-0.890491
-1.348215
-2.592213
-0.341284
-0.831193
-1.422977
-2.716211
-1.499713
-2.921765
-0.602605
-0.415043
-2.405575
-2.484157
-0.467350
-0.286392
-1.482019
-2.848689
-1.800000
-2.872146
-0.784860
-0.269467
-1.320749
-1.759167
-0.555225
-0.609067
-1.005021
-2.240363
-2.229193
-2.677622
0.038550
-0.336815
-1.605922
-1.496154
-0.605966
0.399001
-1.259685
-1.808064
-1.643270
-1.895556
0.111000
-0.655832
-1.511167
-0.989909
-0.760905
-0.155726
-1.275815
-1.924922
-2.262742
-2.483374
-0.509001
-0.574070
-1.593492
-1.196417
-0.973463
0.495052
-1.462401
-2.033731
-2.012990
-2.905336
-1.143770
-0.638556
-2.399381
-1.096648
-0.955805
0.373533
-1.520934
-2.430887
-1.748311
-2.442770
-0.625015
-0.348274
-1.306110
-0.902056
-0.437170
0.284023
-1.864416
-2.775088
-2.279483
-2.633977
-1.018741
-0.553639
-1.342574
-1.849710
-0.802531
0.898399
-1.767505
-2.680510
-1.549617
-3.173288
-1.088765
-0.983320
-1.092480
-2.088207
-0.823806
0.213626
-1.670631
-2.534221
-2.022209
-2.295368
-0.620744
0.008285
-1.589513
-1.716993
-0.538058
0.047027
-1.648727
-1.777567
-1.711199
-1.771684
-0.550873
-1.037851
-1.413255
-1.464840
-0.256883
0.130232
-1.266175
-1.065798
-1.577599
-2.427797
-0.219948
-0.395169
-2.326161
-1.071998
-0.245309
-0.343145
-1.702433
-1.209693
-1.396568
-2.438834
0.346487
-0.991263
-1.815154
-1.859324
-0.309740
0.415457
-1.322616
-1.503167
-1.768910
-2.791107
-0.061113
-0.990383
-2.236660
-2.698975
-0.241928
-0.158580
-1.979045
-2.168641
-1.122740
-2.472770
0.373518
-0.226494
-1.791144
-2.940170
0.212207
0.073186
-1.613286
-1.785137
-0.587279
-2.289434
-0.417309
-0.185418
-1.214466
-2.645818
-0.596669
-0.072104
-1.953880
-2.340711
-1.182782
-2.302300
-0.988130
-0.533480
-1.241761
-1.925729
-0.614736
0.551503
-1.887631
-1.998479
-2.015239
-2.615741
-0.576939
0.214600
-1.182326
-1.795326
0.051466
0.980336
-1.826858
-1.966926
-1.637899
-1.784641
0.075889
-0.123464
-1.765534
-1.347401
-0.378562
0.215887
-1.315782
-1.674475
-1.089127
-1.827427
0.327498
-0.709863
-0.994369
-1.432692
-0.396998
0.188830
-0.657103
-1.553244
-1.355274
-2.177602
0.714363
-0.803900
-1.286711
-1.541051
0.370137
0.311020
-1.326280
-1.606100
-1.471810
-2.396505
-0.357550
-0.858908
-1.531302
-2.720213
-0.254563
0.616423
-1.482235
-2.074767
-0.863800
-2.073463
0.216698
-1.327767
-1.154900
-1.382091
0.502090
0.646910
-1.454842
-1.194021
-0.600808
-1.786600
0.204637
-0.676851
-0.734172
-1.485148
0.718394
-0.217650
-1.836155
-1.358182
-0.336881
-1.901810
0.159460
-0.855719
-1.118230
-1.507940
0.085843
0.510774
-1.764812
-1.596934
-1.313742
-1.489997
0.163646
-0.503579
-1.134026
-1.609065
0.131370
1.031212
-1.804203
-1.036858
-1.102971
-1.693572
0.501818
-1.004406
-0.529101
-1.119642
-0.561931
1.475136
-2.422398
-1.805588
-1.706211
-1.466121
1.158726
-0.624227
-0.410238
-0.617550
0.116747
1.354053
-2.113775
-1.698516
-1.574075
-1.644317
0.681693
-0.646390
-0.893552
-1.531696
-0.115225
0.859524
-1.899435
-2.167165
-1.172717
-1.974461
0.085072
-0.612962
-0.125545
-1.623143
-0.358707
0.726422
-1.873048
-2.486550
-1.395365
-1.008175
-0.169012
-0.407481
0.457434
-1.254794
-0.356940
0.390072
-1.550057
-2.499099
-1.487822
-0.972892
-0.668043
-0.432954
-0.384295
-1.167956
0.241622
1.278486
-1.252114
-2.704528
-0.298795
-2.083485
-0.226478
-0.422850
-0.108928
-1.447402
0.272546
0.886033
-1.078131
-2.880216
-0.974064
-1.403650
0.745138
0.026147
0.187177
-1.029352
0.732963
0.970816
-1.223088
-2.696413
-0.610129
-1.580308
0.282457
-0.347392
-0.167211
-1.379690
0.854875
1.117365
-1.732702
-2.089013
-0.612328
-1.620127
0.698357
-0.480104
-0.073233
-0.579232
0.622527
1.462630
-1.390860
-1.851858
-0.672897
-1.415201
0.971461
-0.882699
-0.610541
-0.696688
0.774018
1.292282
-1.445066
-1.281230
-0.715599
-2.264988
-0.040912
-1.034652
-0.559429
-0.733818
0.463126
1.286431
-1.197408
-1.783609
-1.025445
-2.397978
0.088673
-0.473176
-0.793933
-1.094472
-0.061420
0.869865
-0.721942
-1.662845
-1.394574
-2.047850
0.759148
-0.745398
-0.623028
-1.273270
0.257841
1.230772
-0.696034
-1.576954
-0.394110
-2.375438
-0.315045
-0.611506
-0.921207
-1.784946
0.085410
0.679028
-0.737319
-1.715388
-1.010657
-1.354524
0.153648
-0.183337
-1.356817
-1.184433
0.559753
1.127933
-0.493273
-1.329881
-1.468217
-1.253827
0.255186
-0.666761
-1.584426
-1.031415
0.350801
0.409256
-1.321548
-0.961780
-0.812872
-1.083621
0.388363
-0.188989
-0.907623
-0.925011
1.001147
0.663455
-1.323164
-1.068358
-0.886510
-1.776281
-0.068059
-0.480727
-0.682654
-1.429108
-0.371209
0.308272
-1.641738
-1.592525
-1.646556
-1.010454
0.433057
-0.648043
-0.814043
-1.428911
0.638691
0.476840
-0.824033
-1.619986
-1.504393
-1.008460
-0.006566
-1.195938
-0.829559
-1.999645
0.539782
0.620626
-1.100978
-1.730176
-0.682298
-1.021361
-0.062301
-0.294445
-0.823858
-1.094390
0.461033
0.018122
-0.950319
-1.853229
-1.271032
-0.983332
-0.311458
-0.623585
-0.239059
-1.368266
0.042039
-0.209537
-1.331265
-1.305413
-1.080092
-1.136720
-0.026091
-0.324358
-0.253802
-1.809242
0.346529
0.288288
-1.097788
-1.596747
-0.584077
-1.652805
-0.439205
-0.935585
-0.563739
-1.468472
-0.020426
-0.189105
-0.866405
-1.412025
-1.687447
-1.286436
0.094091
-0.748027
-0.440446
-1.144850
0.283148
1.132967
-1.088730
-1.852478
-1.085678
-1.563264
0.047672
-0.308639
-0.403487
-1.106811
-0.249697
1.035543
-0.805833
-1.191669
-1.067339
-1.472794
-0.679680
-1.289081
-1.356467
-1.117769
0.188290
0.551827
-1.033751
-1.677067
-1.094267
-1.386927
-0.083471
-1.284247
-1.381747
-1.263832
-0.200620
0.677542
-1.205089
-1.385102
-0.760978
-2.226090
-0.222083
-0.844895
-1.200644
-1.119684
0.069236
1.269376
-1.437216
-1.628126
-1.095616
-1.974129
0.460141
-1.300023
-0.901530
-0.917884
0.040747
1.716262
-0.635911
-1.471072
-1.496954
-1.691741
0.579596
-0.779354
-1.916396
-1.500635
-0.035343
0.943495
-1.260681
-1.182320
-1.941563
-1.357376
0.601830
-0.438550
-1.479119
-1.614794
-0.099411
1.022585
-1.286938
-1.037357
-1.968051
-1.367106
0.540915
-0.268817
-1.799743
-0.871711
-0.015285
0.558389
-0.920385
-1.068846
-1.324391
-2.093189
0.291959
-0.726806
-1.911409
-1.298760
-0.330944
0.347870
-0.731270
-1.458649
-1.152801
-1.124503
-0.215076
0.056614
-1.553612
-1.588812
0.140068
1.517600
-0.560626
-1.163009
-0.932250
-1.777506
0.489019
0.001124
-0.911115
-1.335346
0.094363
1.511404
-1.564668
-1.108355
-1.220306
-2.075363
0.536595
0.206524
-1.014535
-1.257851
0.060941
0.730450
-1.753055
-1.603265
-1.551440
-2.247812
-0.050236
-0.243574
-1.321681
-1.024767
-0.225700
0.933123
-1.307007
-1.188852
-0.886321
-1.723265
0.444477
0.031654
-1.546810
-1.641304
0.043256
1.438181
-0.678562
-0.823955
-2.085889
-2.017718
0.136210
-0.232012
-1.240772
-1.907941
-0.879492
0.688427
-1.244672
-1.143468
-2.252742
-2.217604
-0.687409
-0.623097
-1.403231
-1.750644
-0.346073
0.632003
-1.578041
-1.932498
-1.858517
-2.120886
-0.230630
-0.176941
-1.862656
-1.918959
-0.098016
0.362857
-1.701938
-2.853479
-1.307133
-1.390872
-1.028051
-0.157004
-1.612696
-1.936631
-0.728515
0.480982
-1.412055
-2.301703
-0.606844
-1.610333
-0.729575
-0.448640
-1.435976
-1.424041
-0.949899
0.442770
-1.019852
-1.848177
-0.341288
-1.727346
-0.196309
-0.740360
-1.317183
-1.859445
-0.840592
0.501059
-1.497231
-1.715733
-0.242732
-1.564989
-0.405806
-0.950940
-0.508549
-1.755260
-1.138577
0.468649
-1.466148
-1.733935
-0.746524
-1.517676
-0.815519
-0.417457
-1.005969
-1.715772
-1.102237
0.696133
-1.852666
-1.429200
-1.053957
-1.282671
-1.116262
-1.728339
-0.396129
-1.844233
-0.961700
0.669295
-1.996150
-1.622863
-0.574674
-1.847005
-0.360413
-1.427549
-1.451401
-1.881672
-1.620784
0.380076
-1.970196
-1.325858
-0.558753
-1.198577
0.220824
-0.742942
-1.452119
-2.202320
-1.306904
0.946716
-1.380357
-0.889852
-0.651041
-0.148781
0.267244
-0.740365
-1.442277
-1.375647
-0.628210
0.669752
-1.239277
-1.201266
-1.244757
-0.555674
0.357855
-1.286122
-1.380449
-1.378462
-0.822205
0.483299
-0.482750
-1.608560
-0.809098
-0.577769
0.723013
-0.737340
-1.317024
-1.738132
-0.130354
0.464256
-1.034703
-1.976180
-1.014667
-0.556931
0.502756
-1.374675
-1.622259
-1.918704
0.292334
1.455160
-1.114099
-2.049747
-0.665423
-0.431749
0.884882
-0.968957
-1.074190
-1.659018
-0.067289
1.272656
-1.880529
-1.530889
-0.870472
-0.683925
-0.048515
-0.458690
-1.069164
-1.553413
-0.130880
0.993934
-1.372429
-1.623207
0.067541
-0.450480
1.040795
0.203056
-1.273977
-0.638978
-0.008982
1.418493
-1.193789
-1.338146
-0.572434
-0.597902
0.926795
0.212929
-1.404970
-0.590945
-0.009646
1.265439
-0.962028
-0.968896
-0.321204
-0.790304
0.408153
-0.414578
-1.598251
-0.918362
-0.049141
0.341926
-1.060410
-0.521639
-0.185057
-0.080059
1.640909
-0.476139
-1.334927
-0.365871
0.235677
1.142461
-0.927278
-1.057668
-0.024633
-0.643856
1.087597
-1.347029
-1.256792
-0.696846
0.237003
0.619302
-0.740849
-1.244895
0.193698
-0.181675
0.775535
-1.273846
-1.141375
-0.558880
-0.072884
0.756339
-0.573208
-0.775869
0.253502
-0.533800
0.625066
-1.494042
-0.791841
-0.388922
0.158602
0.265226
-0.431112
-0.306515
0.087871
-0.058308
1.250312
-0.658581
-1.174117
-0.230810
-0.399997
1.429758
-0.038921
-1.061435
-0.434552
-0.676874
1.617186
-0.537056
-1.981073
-0.437267
-0.142024
1.438760
-0.649454
-1.522229
0.029507
-1.199436
1.228747
-0.379480
-1.504740
-0.477397
0.088182
1.550409
-0.373640
-0.988481
0.463851
-1.343480
1.316414
-0.681656
-1.152252
-0.311375
-0.284999
1.429281
-0.258389
-1.495466
0.192537
-1.719928
1.154084
-0.470699
-1.309361
-0.556643
-0.442167
1.876469
0.029155
-1.597743
-0.326269
-1.032851
0.902523
-0.957134
-0.699357
-0.749755
0.001463
0.890977
-0.511025
-0.799188
-0.699493
-1.219103
1.189823
0.086657
-1.046366
-1.162954
0.283098
1.470226
0.067102
-1.148504
0.374812
-1.326055
1.382496
-0.605881
-0.615251
-0.489141
0.941979
1.078901
0.305689
-0.904901
-0.131260
-1.497874
1.373433
-0.579492
-0.833243
-0.927679
0.898359
1.159529
0.201995
-0.697323
-0.196612
-0.579598
0.533250
-1.164434
-1.572890
-0.605227
0.698463
1.548014
-0.438163
-0.751353
0.139489
-1.254442
0.489587
-0.975772
-1.086281
-0.853664
0.057203
0.846525
-0.349634
-0.746464
-0.356886
-1.980776
0.579565
-0.892671
-1.262336
-1.615416
0.078311
0.841985
-0.138959
-0.686615
-0.425397
-1.535970
1.146341
-0.431813
-1.183875
-0.757550
0.135992
1.069583
0.181594
-0.658905
-0.645813
-1.576177
0.237435
-0.172403
-1.311559
-0.648820
0.034688
1.188059
0.321690
-0.431051
-0.416491
-1.004782
0.222857
-0.841561
-1.056860
-1.189443
-0.634048
1.426520
0.414312
-0.473479
-0.303968
-1.363823
0.074188
-0.160391
-1.631106
-0.568442
-0.500301
0.483611
0.237924
-0.602760
0.187503
-1.109112
-0.158236
-0.160006
-0.378778
-1.014204
-0.625680
0.741937
0.754078
-0.654125
-0.474493
-1.303597
0.030642
-0.846014
-0.837898
-1.611606
-0.955719
0.247532
-0.136756
-1.448236
-0.201290
-1.315191
-0.114108
-0.616872
-1.044779
-0.873386
-0.979435
0.160272
-0.201727
-1.329899
-0.036213
-1.398005
0.021057
-0.106049
-0.646031
-1.350904
-0.575066
0.177344
-0.398800
-1.555043
-0.089229
-1.081798
0.049073
-0.130790
-0.411390
-0.354892
-0.164041
0.561578
-0.831026
-1.223043
-0.019133
-1.552991
-0.028596
-0.299295
-0.271509
-0.959720
-0.567706
0.314115
0.082781
-0.706244
-0.329661
-0.920275
-0.530163
-0.208201
-0.468019
-1.133237
-0.377796
0.197671
0.794313
-0.816636
-0.201270
-1.570004
-0.350801
-0.519408
-0.803345
-0.926565
-0.624055
0.600339
0.061353
-1.159549
-0.202880
-1.227252
-0.606008
-0.439413
-0.207456
-1.021202
0.004655
0.864745
-0.702681
-1.235304
-0.859300
-1.309189
-1.572104
-1.276006
-1.088971
-1.568216
-0.344042
0.402205
-1.071196
-1.636333
-0.152759
-1.096847
-0.286940
-0.202203
-1.242578
-1.045780
-0.316275
-0.037168
-0.913863
-1.677139
-0.494064
-0.830825
0.329238
-0.304008
-1.004445
-0.752313
0.105483
1.022632
-0.353233
-1.301448
0.030676
-0.921272
0.387712
-0.098122
-1.278493
-0.114679
0.113429
1.516028
-0.510992
-1.560777
-0.459724
-1.220500
-0.000281
-0.935232
-1.796889
-1.220249
0.668810
1.031351
-0.425188
-1.580094
-0.578575
-1.796054
-0.164946
-0.773920
-1.091592
-1.076620
0.373841
0.963441
-0.024803
-1.876987
0.032123
-0.723345
0.444151
-0.091069
-0.833761
-0.110903
0.982541
0.742568
0.140689
-1.924920
-0.976073
-1.780508
-0.403083
-0.125190
-0.706771
-0.782832
-0.071196
1.156191
-0.618212
-1.426265
-0.882340
-1.449711
-0.437046
-0.118693
0.020118
-0.344594
0.394468
1.138359
0.239987
0.086271
-0.861679
-1.957589
-0.507669
0.105716
-0.531607
-1.077459
0.726022
0.891628
0.351754
-0.164173
-1.364012
-1.306188
-0.425507
0.231596
-0.840486
-1.051682
1.054571
0.965724
-0.048631
-0.106495
-1.430065
-1.187382
-0.299594
0.526489
-0.531768
-0.789238
1.135832
1.334472
-0.301574
-0.267198
-2.056840
-1.786568
-0.758638
-0.475269
-1.401531
-1.691689
1.256367
1.356756
-0.614507
-0.862801
-1.599698
-1.395321
0.104349
-0.175149
-0.955374
-1.862168
1.578341
1.531298
-0.571913
-0.238154
-1.001702
-1.789210
0.113554
0.352105
-1.801595
-1.412830
0.934900
1.440915
-0.621881
-0.747908
-1.159387
-1.566337
-0.130581
-0.766984
-0.720411
-0.878449
1.469711
2.287187
-0.589244
-1.683206
-0.758947
-1.046274
0.742209
-1.279561
-1.040487
-1.172421
1.709664
2.284038
-0.812505
-1.833078
0.086751
-1.198485
0.101716
0.244980
-0.266515
-0.588758
1.493635
2.489336
-0.338181
-1.146238
-0.736381
-1.273175
0.242609
-0.281252
-1.449631
-1.040771
0.686525
2.115681
-0.014434
-0.646556
-0.754726
-1.315327
0.575875
0.174053
-1.039420
-0.199629
0.616670
1.934800
0.410333
-0.201605
0.001357
-1.096899
0.930909
0.125950
-0.574787
-0.148254
0.752036
1.929964
0.481645
-0.548619
-0.837046
-1.193088
0.941202
0.531453
-0.926749
-0.291762
0.864720
1.778491
0.006335
-0.330145
-0.518639
-1.095323
0.513775
0.743580
-0.974350
-0.114762
0.575188
1.317807
-0.740893
-0.083887
-0.734332
-1.414455
0.718827
-0.203465
-1.477960
-0.838552
-0.253889
0.958668
-0.783428
-0.770611
-1.095598
-1.885331
-0.046625
0.257505
-1.132254
-0.570153
0.076581
0.401615
-1.280482
-1.167495
-0.392410
-1.904746
0.074447
0.185387
-0.917314
-0.220739
0.712852
0.440223
-1.067126
-0.872771
0.036962
-1.232147
1.056992
-0.048085
-0.672691
-0.832152
0.559192
0.978652
-2.134356
-1.113080
0.305228
-1.315360
0.918206
0.873672
-0.524748
-1.219785
0.018539
1.101787
-0.767725
-0.892387
0.265713
-1.882019
0.142948
0.800044
-1.203777
-1.050788
-0.383343
0.744577
-0.584494
-0.932065
0.654075
-1.614833
-0.773513
0.803271
-1.495484
-1.226663
0.159114
0.270933
-1.405579
-1.500153
0.121502
-1.604689
-0.796451
0.901701
-0.973951
-1.746993
0.177722
0.110934
-1.368176
-1.466390
0.439308
-1.831708
-0.289878
0.258859
-1.043408
-1.326200
0.170838
0.532119
-1.581196
-1.355723
-0.526313
-2.113437
-0.800123
-0.048607
-1.519296
-1.726420
0.496897
0.405511
-0.742807
-0.851918
-0.224367
-1.697311
-0.751070
0.799159
-1.505197
-1.908557
-0.193285
0.299653
-0.293581
-1.431917
-0.292352
-1.892159
-0.580784
0.516669
-1.777303
-1.607620
-0.052281
-0.186180
-0.492778
-1.330669
-0.673830
-1.572062
-1.229266
-0.001396
-1.669910
-1.575690
-0.318513
-0.287519
-0.147580
-1.160184
-0.496363
-2.038954
-1.283984
-0.116722
-0.765842
-1.739996
0.027600
0.305964
-0.567018
-0.460780
-0.348134
-2.492580
-0.975733
-0.141284
-0.588818
-2.048158
-0.461571
0.795073
-0.558416
-1.276969
-0.693987
-2.509191
-1.019730
-0.414136
-0.773639
-1.369248
0.001945
0.308152
0.124709
-0.784054
-1.094874
-2.691329
-1.317789
-0.318395
-0.512121
-2.059299
-0.479272
-0.116838
0.411539
-1.487946
-0.648472
-1.616672
-1.211992
-0.972200
-0.667238
-1.703227
-0.684198
-0.386388
-0.056897
-1.287623
-0.789429
-1.178073
-1.029390
-0.851836
-0.538615
-1.135913
-0.065548
0.727275
0.767243
-0.866110
-0.568274
-0.947244
0.028871
-0.686766
-0.705787
-1.022049
-0.671506
-0.042151
-0.476713
-1.914285
-1.287478
-1.939046
-0.965460
-0.716717
-0.667575
-1.506621
-0.711393
-0.707132
-0.430641
-1.434194
-1.190691
-1.950392
-0.961031
-0.847118
-0.968475
-1.365870
-1.101684
-0.334280
-0.308512
-1.127747
-0.481019
-1.834243
-0.395031
-0.783151
-0.949479
-1.005350
-1.276728
-0.083896
-1.133151
-1.064676
-0.299922
-1.655672
-0.283355
-1.203446
-0.008602
-0.986074
-0.815188
-0.258498
-0.485536
-1.267274
-0.673435
-2.612928
-0.205515
-0.760516
0.136968
-1.050622
-1.056254
0.232857
-0.602557
-1.655560
-0.037964
-2.243517
0.180498
0.057581
-0.332417
-1.360828
0.115662
0.065009
-0.303422
-1.784199
-0.152696
-2.632888
0.193459
-0.573530
-0.789520
-0.891482
-0.626341
0.630115
0.402207
-1.439368
-0.741421
-2.229263
0.363044
-1.165485
-2.208764
-0.529731
0.714377
-0.250266
-0.917744
-1.691026
-1.025574
-3.013640
-0.336285
-0.905847
-0.596063
-1.081224
-0.417239
-0.153459
-0.670391
-1.900494
-1.040378
-2.685320
-0.012241
-0.388084
-0.719494
-1.080408
0.025252
-0.179049
-0.753496
-2.111397
-1.528125
-2.468255
-0.723366
-0.277191
-0.575141
-0.994943
0.123624
-0.433732
-0.253049
-1.781031
-1.493722
-2.076258
-0.188455
-0.199714
-0.595759
-0.257204
0.526663
0.106363
-0.285258
-2.011294
-1.534349
-2.753023
0.144270
-0.567593
-0.742271
-0.344494
0.956659
0.010645
-0.715541
-1.565417
-1.494045
-2.645097
0.258514
-0.136821
-0.817838
-0.417480
0.332916
0.608367
0.229062
-1.813089
-1.571101
-1.643789
0.025541
0.210533
-0.802627
-0.037670
-0.093020
-0.443590
0.105625
-1.854613
-1.408174
-1.645353
-0.315436
0.024618
-1.164476
-0.699979
0.071015
-0.578382
0.235075
-1.671832
-0.982648
-1.647181
-0.365046
-0.310112
-0.566882
-1.036938
0.077773
0.365011
-0.662574
-1.768732
-0.859720
-1.408514
-0.022556
0.338838
-0.687196
-0.121411
0.667785
0.541679
0.007802
-1.764147
-1.238929
-1.493045
-0.473960
0.239987
-0.921385
-0.888589
0.218736
-0.023335
-0.204112
-1.534279
-2.172295
-1.898972
0.210920
0.811770
-0.999044
-0.756234
-0.076027
0.232950
-1.053024
-1.002237
-1.343708
-1.231025
0.475942
0.547674
-0.939733
-0.154866
0.047504
0.891143
-0.234131
-0.918801
-1.597213
-1.830615
0.414871
0.496311
-1.410006
-0.205185
0.122338
1.175976
-0.849493
-1.166083
-1.177054
-1.367277
0.551709
0.256752
-1.137241
-0.687963
0.685400
0.928482
-1.294585
-1.124475
-1.101400
-0.806411
0.830145
0.753052
-0.332302
-0.236572
0.954038
0.417459
-0.958870
-0.799860
-1.533209
-0.901504
0.773621
0.123425
-1.384605
-0.010824
0.978879
0.470229
-1.540026
-0.866349
-1.681495
-0.921138
0.900993
-0.215843
-1.316647
-0.171181
0.689196
-0.152940
-0.881964
-1.111804
-1.408900
-0.859987
0.289624
-0.542470
-1.029852
-0.380728
0.170756
0.099286
-1.136306
-1.429552
-0.838930
-1.079955
-0.104976
-0.339583
-1.259820
-0.831327
0.002904
-0.126160
-1.156384
-1.485438
-1.571489
-1.230353
-0.491275
-0.145028
-1.374143
-0.156017
0.396326
-0.057576
-1.323143
-2.063512
-2.044274
-1.303664
-0.489733
-0.112640
-1.690823
-0.589673
0.667708
-0.326384
-0.702832
-1.908210
-1.463299
-1.210135
0.101177
-0.698028
-1.789607
-0.265181
0.957065
-0.413398
-1.148019
-1.600090
-1.053128
-1.932208
-0.238055
-0.128915
-2.135032
-0.734012
1.115307
0.180588
-0.441424
-1.776884
-0.978273
-1.145312
0.157737
-0.186002
-2.086909
-0.371207
1.072205
0.986949
-0.428483
-1.548504
-1.173182
-1.704499
0.103903
-0.190369
-1.913683
-0.461816
1.006616
-0.010720
-1.336315
-1.590609
-0.973543
-0.953533
-0.001110
0.000935
-1.461221
-0.369311
0.344872
-0.206376
-1.188328
-1.901250
-1.725327
-1.035232
-0.004108
-0.115206
-0.581009
-0.354607
0.933263
-0.819794
-0.721022
-1.516687
-1.406868
-1.474016
0.953643
0.659913
-0.651103
-0.158066
1.290984
-0.390266
-0.081450
-0.417273
-1.462279
-1.871311
0.686491
0.342822
-1.002898
0.257097
1.357005
-0.463481
-0.813360
-0.584269
-0.850040
-1.419886
0.708912
0.165562
-1.094518
-0.262403
1.047494
0.085981
-0.624267
-0.732907
-0.947460
-0.350149
0.943154
0.702047
-1.269727
0.399091
1.274913
-0.239143
-0.650056
-0.513076
-0.416966
-0.719966
1.003351
0.734663
-1.424191
-0.227722
1.668542
0.010935
-0.736928
-1.330192
-0.990164
0.393848
1.648452
0.137235
-0.883390
0.247190
1.874648
0.747039
-0.742885
-1.127116
-0.707833
-0.160583
1.403789
0.452362
-0.869489
0.650509
1.524611
0.708868
-0.034844
-0.898057
-1.435269
-0.183548
1.387078
0.457737
-1.003648
0.300939
2.260504
0.643312
0.087365
-1.110039
-1.567739
-0.635424
1.254702
-0.596761
-0.441189
0.637936
1.746122
-0.236266
0.694416
-0.586760
-1.280958
-0.973211
1.178348
0.095717
-0.412861
0.783523
1.580012
-0.023272
0.015385
-0.268301
-1.298436
-0.313114
1.719267
0.044125
-0.801975
0.486327
1.574828
0.564508
0.221375
-0.791274
-1.383145
-0.301365
0.785699
0.090774
-1.380876
0.427223
1.491409
0.258978
0.256185
-0.717382
-1.998016
-0.819536
0.789430
0.014763
-0.866679
0.710662
1.198538
0.079950
0.781074
0.017283
-2.523105
-0.595836
0.497455
0.136892
-1.630348
0.597432
2.046219
0.153033
0.752002
-0.359418
-2.348252
-0.588911
0.961977
0.743949
-2.688036
0.228675
2.026034
0.269278
-0.026124
-0.199529
-1.651729
-0.509702
1.372899
0.366752
-1.432993
0.375314
1.430761
-0.400357
0.020400
-0.019406
-1.450235
-0.713185
0.817065
0.411795
-1.286491
0.446606
0.748651
-1.097500
-0.342449
-0.663403
-1.168079
-0.942121
0.977032
0.150923
-1.470835
0.840198
0.538256
-0.502259
-0.019994
-0.725097
-0.799469
-0.434088
1.464044
0.451321
-1.549951
0.473100
0.696336
0.565762
-0.667533
-1.346213
-1.537291
0.321206
2.237811
0.465836
-1.140442
0.969928
1.574100
0.915392
-0.675833
-0.238018
-0.884843
-0.714198
1.399100
-0.371318
-0.784951
0.323780
0.903347
0.983531
-0.372084
-1.289134
-0.620824
-0.103897
1.875538
0.124737
-0.917438
0.456340
1.326181
0.798482
-0.282332
-0.869253
-0.975514
-0.479694
1.316257
0.338983
-1.522164
0.430894
1.667315
0.697463
-0.682935
-0.735197
-0.956898
-0.662928
1.237623
0.040076
-1.791349
-0.070228
1.177702
0.376651
-0.247823
-1.023684
-1.517902
-1.302695
1.404976
-0.057031
-0.880202
0.512693
0.780098
0.601294
0.362392
-1.055851
-2.033587
-1.756454
1.271235
0.014717
-1.152167
-0.176325
0.084967
0.486994
0.274967
-1.386510
-1.068101
-0.953079
1.153671
0.342451
-0.495296
-0.476977
0.039838
0.134914
0.265151
-0.680417
-1.042407
-1.820187
0.589678
0.066876
-0.725160
-0.441268
0.078882
0.064971
-0.722934
-0.670981
-1.153252
-0.826134
1.193164
0.079652
0.039294
0.601365
0.633652
0.310252
-0.116449
-0.927776
-1.151081
-1.433045
0.727321
0.392920
-0.510455
-0.094090
0.825676
-0.571659
-0.620379
-0.866250
-1.356772
-1.351681
0.653321
0.186266
-1.555184
-0.625963
1.008140
-0.344089
-0.826253
-1.102579
-0.337715
-0.727503
0.528746
0.352016
-1.574105
-0.155877
0.297207
0.401220
-1.123789
-1.286425
-0.540167
-0.308862
0.644967
0.367704
-0.999218
-0.250888
1.085467
-0.197714
-1.400376
-1.621144
-0.469227
-0.312912
0.292079
0.276829
-1.135898
-0.417445
1.103403
0.282053
-1.609119
-0.734838
-0.089969
-0.585798
-0.177263
-0.379187
-0.955504
-0.134681
0.654261
0.262861
-1.356693
-1.349477
-0.290220
-0.506479
-0.031783
-0.966421
-0.128847
0.445157
0.279356
0.218592
-0.747971
-0.777147
-0.987003
-1.166654
0.058455
-0.404266
-0.256893
-0.244696
0.442481
0.053769
-0.478333
-0.760497
-0.380017
-0.576911
-0.153446
-0.618255
-0.243695
-0.150510
0.379871
-0.087889
0.262629
-1.464875
0.013332
-1.088307
-0.370529
-0.765705
-0.020215
-0.457927
0.335433
0.375183
0.063337
-1.611452
-0.767402
-0.707526
0.215012
-0.124680
0.053269
-0.165846
0.254892
0.423953
-0.051438
-0.675028
-0.199728
-0.809294
-0.002053
0.011123
-0.660855
-0.092534
0.265606
-0.051695
0.735120
-1.086001
-1.054385
-0.457813
0.602432
0.450005
-0.675706
-0.431426
0.472365
-0.146184
-0.104536
-1.588918
-0.829048
-0.375308
0.542289
0.064702
-1.702747
-0.289529
0.566611
0.339770
-0.517770
-1.601966
-1.094720
-0.856270
0.491371
-0.338680
-1.252448
-0.327126
0.463635
0.467890
-0.733876
-1.569266
-0.153583
-0.362440
0.776776
-0.880827
-1.019806
-0.447982
0.974306
0.999079
-0.325344
-1.275958
-0.576019
-0.092816
0.208027
-0.667132
-1.223127
0.034954
0.993448
1.153686
-0.596216
-1.099308
-0.427101
-0.107694
0.664845
-0.454264
-1.121473
-0.296530
0.949404
1.026203
-0.734730
-0.620386
-0.635873
-1.028879
0.254780
-0.359680
-1.071251
-1.211706
0.155956
0.608186
-0.436610
-0.968141
-0.697471
-0.753182
0.877713
-0.853132
-1.087325
-0.662751
0.709213
0.756565
-0.141093
-0.635723
-0.625589
-0.902813
0.593126
-0.625357
-0.673922
-0.745658
0.989114
0.889710
-0.579656
-0.730132
-0.123352
-1.517358
1.028551
0.071413
-0.027338
-0.409349
0.902914
1.049880
0.407379
0.257718
-0.549296
-1.352438
0.637395
-0.046203
-0.149736
-0.442267
1.576358
1.370406
0.346229
0.675027
-0.445427
-0.494941
0.140779
-0.398737
-0.835136
-0.314229
1.413141
1.569679
0.016055
0.434224
-0.600911
-0.555831
0.594865
-0.564464
-0.883580
0.285061
1.072242
1.303144
-0.005927
-0.264689
-0.516728
-0.882997
0.198395
-0.125077
-0.492499
0.207462
0.868146
1.492442
0.322766
0.067110
0.154476
-1.234959
0.797998
-0.585437
-0.569893
0.566507
1.017222
0.898974
-0.419421
0.448285
-0.580321
-1.262117
0.866549
-0.391649
-0.918336
0.321643
0.595293
0.851507
0.033887
-0.472444
-1.092652
-1.413750
0.289861
-0.327081
-1.289901
-0.521130
0.830982
0.416392
-0.098638
-1.038806
-0.521995
-1.377753
0.029299
-0.426494
-0.797821
-0.420562
0.271156
0.334532
-0.000281
-1.019138
-1.213103
-0.678975
0.782576
-0.141777
-1.020601
-0.747060
0.359937
0.863422
0.772183
-0.702234
-1.194550
-1.002006
0.884571
-0.157946
-1.154640
-1.369289
0.388592
0.926598
0.825379
-1.342100
-0.489651
-1.376229
0.494137
-0.481920
-0.644664
-1.108033
0.494295
0.717381
0.289046
-0.592407
0.067658
-0.869004
0.265161
-0.266724
-0.719416
-0.589787
1.801454
0.457059
0.491340
-0.420468
-0.350007
-1.242629
0.166721
-0.478511
-1.051329
-1.200839
2.171300
0.793781
0.202025
-1.015226
-0.270535
-0.742941
-0.481228
-0.083598
-0.761533
-1.252711
1.651272
0.825083
0.493169
-1.319083
-0.489924
-0.446190
0.142716
0.478802
-1.405397
-1.944578
1.377136
0.479227
-0.158406
-1.406545
-0.514697
-1.314522
0.094000
0.649679
-0.750881
-1.950621
1.221895
0.375661
0.075067
-1.734650
-0.579273
-0.991796
0.558288
0.598961
-0.660020
-1.812633
1.488683
0.265783
-0.144637
-0.899639
-0.936851
-0.241765
0.180915
0.854087
-0.839768
-1.322153
1.974505
0.613985
-0.311671
-1.267668
-0.386323
-0.509320
0.166761
0.980028
-1.067878
-0.416898
2.312438
-0.052913
-0.326823
-0.575726
-0.782525
-0.647496
-0.181388
0.495489
-1.119540
-1.554649
2.298765
0.023720
0.238326
-1.272531
-1.597025
-0.581728
-0.007230
1.022994
-1.137749
-1.248834
2.014886
0.177840
0.446447
-0.828798
-1.838957
-1.086597
0.520864
-0.070714
-0.939694
-1.219993
1.874724
0.723690
0.116822
-0.883830
-0.959315
-0.789722
0.376944
0.768892
-0.984899
-1.102523
1.839767
0.240405
0.351068
-0.820941
-1.050143
-0.639163
0.688361
0.619930
-1.701794
-1.145080
1.850724
-0.361825
0.071044
-0.802036
-0.924422
-1.371365
0.612372
0.132296
-1.310073
-0.874756
1.725483
-0.228212
0.141699
-1.289239
-1.456536
-0.929221
0.904220
0.742713
-0.955056
-0.306259
2.354798
0.905727
-0.140460
-0.606071
-1.331909
-1.084436
0.852157
0.786629
-0.656318
-0.089113
2.154114
0.583894
0.191314
-0.379221
-1.020301
-0.738897
0.440127
0.221224
-1.289753
-0.254859
1.811432
-0.048925
0.294042
-0.274947
-0.979777
-0.219675
1.166917
-0.382228
-0.906648
0.800063
1.897917
0.030485
0.366961
-0.649020
-1.752577
-0.398033
0.887872
-0.217333
-1.286620
-0.074188
1.589745
0.174556
0.111867
-0.261324
-1.825295
-0.485285
1.140190
0.268613
-1.816368
-0.191840
2.052598
0.002130
-0.340716
-0.554133
-1.558799
-0.886650
0.598184
-0.107803
-0.780958
-0.052858
1.945448
-0.212903
0.247033
-0.474873
-1.512289
-0.362090
1.069681
0.272852
-0.860782
-0.470086
1.813017
-0.070302
0.757763
-0.478711
-1.140842
-0.378433
1.135635
0.164612
-1.502732
-0.355295
2.064699
-0.112725
0.047223
-0.240911
-1.922895
-0.186985
0.997497
-0.520425
-1.315474
0.492763
1.808893
-0.145554
-0.190856
0.081361
-1.463279
-0.424343
0.146214
0.398553
-1.224022
0.358098
1.443059
-0.286867
0.002405
-0.486132
-1.049067
-1.108482
-0.210776
0.305798
-1.584531
-0.206363
1.570342
0.079824
0.091163
-0.350511
-0.402832
-0.570403
0.353144
0.260779
-1.358543
-0.381768
1.046753
0.225975
-0.095364
-0.435776
-1.048524
-0.104522
0.578700
0.085558
-1.306217
0.068641
1.435976
0.176831
0.420992
-0.544120
-1.561237
-0.430414
0.037440
0.394361
-1.477832
-0.522119
1.696146
0.354180
0.107171
0.231221
-1.671331
-0.596501
0.199807
0.613270
-1.284188
-0.781177
1.068578
0.707260
0.196334
0.039920
-1.222531
-0.563753
0.729130
0.740612
-0.793168
-0.852249
1.377731
0.736508
0.334079
-0.378501
-1.421213
-1.028830
0.494006
1.060455
-1.232144
-1.007048
0.912286
0.530815
-0.172983
-1.514182
-1.716232
-0.951795
-0.131725
0.410349
-1.714306
-1.326518
1.546613
-0.052914
-0.500542
-0.975183
-1.443866
-0.851158
0.619549
1.107865
-1.096779
-1.615443
1.425315
0.604330
0.305987
-0.849112
-1.597173
-1.136290
0.145896
0.817994
-0.678751
-1.921526
1.967325
0.762440
0.106678
-1.299931
-0.297672
-0.679135
-0.086291
1.074548
-0.867235
-0.883931
2.115202
0.627855
-0.265789
-1.353508
-0.537496
-1.011382
-0.048280
0.481202
-1.763374
-0.541486
0.900461
0.774744
-1.021628
-0.562685
-0.038983
-1.305594
0.330406
0.628832
-1.397207
-0.468482
1.626705
0.478248
-0.707558
-1.074191
-0.101627
-1.020823
0.791581
0.583021
-0.992421
-0.346105
1.218463
0.753710
-1.097140
-1.274120
-1.021808
-1.378076
0.593914
0.226487
-1.177020
-1.000767
0.642558
0.585549
-1.124220
-1.933675
-0.870734
-1.528928
0.886198
-0.216211
-1.345659
-1.480083
0.259301
1.036926
-1.361905
-1.540996
-0.524671
-1.254970
0.746423
0.412966
-1.346965
-0.886984
0.715311
0.904352
-0.868910
-0.613165
0.297013
-1.069389
1.263555
0.641395
-0.895141
-0.915171
0.930362
1.188262
-0.529282
-1.166655
-0.932108
-1.158009
1.225781
0.051541
-1.627653
-1.219153
0.643118
-0.300171
-1.066077
-1.514146
-0.760506
-0.918461
0.493186
0.631418
-1.555446
-1.786376
0.942380
0.065221
-0.247678
-1.125078
-0.896186
-1.676244
1.089862
1.087939
-1.666770
-1.654043
1.610243
0.295974
-0.388087
-1.338307
-0.504677
-1.024302
0.603223
0.443125
-1.283959
-1.534134
0.618835
0.472256
-1.095955
-0.883217
-0.851463
-0.865180
1.027125
0.130655
-1.437139
-0.890194
1.478588
-0.138624
-0.481018
-0.757705
-1.367088
-0.859448
0.813766
0.427812
-1.246282
-1.473199
1.287181
-0.130826
0.255996
-0.579007
-1.221244
-0.652521
1.265226
0.393015
-0.970255
-1.438241
1.678670
0.341812
0.252934
-0.734066
-0.727266
-1.587669
1.057471
0.763486
-1.051398
-0.699232
0.746582
0.433864
0.306564
-1.227236
-0.571164
-1.374438
0.418454
0.732140
-1.223422
-1.467767
0.353998
-0.420440
-0.244331
-1.922518
-0.896847
-1.588628
0.710588
0.606812
-1.252065
-0.795632
0.796545
0.079079
-0.000655
-1.607151
-0.703843
-0.582649
0.585147
0.075485
-0.778092
-0.654402
0.546407
0.194731
-0.335754
-1.376837
-1.343635
-1.345178
0.488941
-0.000534
-2.444032
-1.426910
0.218522
-0.591996
-1.133841
-1.554760
-1.868001
-1.163558
0.745973
-0.429139
-1.728593
-1.513609
-0.064799
-0.958659
-1.436505
-2.075796
-1.704027
-1.189504
-0.369156
-0.270184
-2.337661
-1.917594
0.086789
-1.253815
-1.138660
-1.669798
-1.256059
-0.709568
0.824390
-0.365609
-1.873378
-1.427069
0.033763
-0.770729
-0.314067
-1.298318
-1.182573
-0.276097
-0.330746
-0.546182
-1.787781
-1.692114
0.055874
-0.955878
-0.416919
-1.412250
-1.236191
-0.501225
-0.472402
0.130563
-1.501374
-1.838444
0.434571
-1.504768
-0.884735
-1.252070
-1.608719
-0.892106
0.281427
-0.642194
-1.938140
-1.492344
-0.004498
-1.479290
-0.850131
-0.858501
-1.156435
-1.459452
-0.577320
-0.510835
-1.897398
-1.189692
0.337615
-0.732141
-0.552204
-0.885929
-0.591384
-1.195032
-0.080857
-0.959656
-1.450323
-0.648492
0.201503
-0.708361
-0.359100
-1.042817
-0.888575
-1.291050
0.221637
-0.869587
-1.613637
-0.487834
0.112527
-1.307238
-1.309330
-1.085265
-1.409150
-1.372489
0.247383
-1.200096
-1.986453
0.183367
0.011975
-0.622470
-1.001253
-1.089891
-1.476709
-2.033061
-0.032965
-1.828317
-1.702493
0.023319
-0.232632
-0.832412
-1.080993
-1.710770
-1.576384
-2.241325
-0.373125
-1.404524
-2.390263
-0.863557
0.251711
-0.117454
-0.921620
-1.578897
-0.664618
-1.929434
-0.023061
-1.267334
-1.725905
-0.444822
0.425084
-0.956750
-0.608106
-1.498047
-1.547578
-2.263569
-1.181329
-0.819142
-2.041100
-0.771744
0.066887
-1.023336
-1.288347
-2.031362
-1.371664
-2.114264
-0.456860
-0.395677
-2.039592
-0.214039
0.402532
-0.767069
-0.231337
-2.135412
-1.871206
-1.524708
-0.004221
0.143689
-2.236799
-0.399397
1.121789
0.146145
-0.331200
-1.013283
-1.551899
-1.044708
0.845147
-0.122058
-1.677006
-0.366324
0.818108
-0.041997
-1.259618
-1.469189
-1.439397
-1.498958
0.772919
-0.265366
-1.631290
-0.380623
0.789103
-0.264637
-0.859645
-0.402883
-0.736255
-1.001495
0.140943
-1.093152
-1.009629
-0.690122
0.465653
-0.102829
-0.816841
0.238499
-0.977688
-1.411673
0.194679
-0.906975
-0.842503
-0.500857
0.328426
-0.149581
-0.810887
-0.436470
-0.353710
-1.182116
0.303724
-0.810602
-0.949487
-0.510322
0.501375
0.335766
-0.943569
-0.647395
-0.894077
-0.919799
0.076001
-0.555212
-1.428332
-0.421030
0.436909
-0.092383
-0.380446
-0.560256
-0.936614
-1.504099
-0.503415
-0.687024
-1.527512
-0.899597
0.377580
0.092672
-0.823452
-0.405700
-0.825615
-0.665557
-0.110991
-0.787767
-1.817360
-0.145905
1.079600
-0.007594
-1.066611
-0.784318
-1.465363
-1.660118
-0.146502
-0.907429
-2.328098
-0.609977
0.993418
-0.250550
-0.877099
-0.721237
-0.746671
-0.628382
-0.072380
-0.654049
-2.095737
-0.912660
1.368668
-0.341563
-1.301624
-0.855271
-0.343235
-0.575577
-0.213566
-1.050836
-1.886628
-1.143830
1.388057
-0.795550
-1.033144
-0.809438
-0.808207
-0.723465
0.249460
-0.941743
-1.720887
-1.128651
1.879451
-0.162164
-0.201233
-0.242578
-1.531146
-0.697715
0.155962
-1.262371
-2.852092
-1.379425
1.705414
-0.803703
0.133080
-0.482163
-2.058433
-0.847393
-0.270109
-0.958870
-2.775298
-1.507121
1.518713
-0.576436
-0.275856
-0.436066
-1.634086
-0.536932
-0.605132
-1.662477
-2.108061
-0.660332
1.001682
0.356466
-0.234308
-0.167954
-1.561411
-0.942843
-0.933324
-1.145106
-2.033639
-0.795190
0.996693
0.799728
0.011445
-0.047048
-1.535059
-1.028784
-0.146603
-1.130075
-1.611910
-0.823290
1.470396
0.497639
0.395516
-0.139586
-1.452573
-0.775311
-0.412262
-0.601230
-1.501185
-1.255071
1.568398
-0.121680
0.232589
-0.035522
-1.662464
-1.070273
-0.316430
-0.862920
-0.972402
-1.354700
0.903396
0.425246
0.095344
-0.249706
-0.908280
-0.657085
0.196513
-0.377808
-1.984139
-1.212411
1.985093
0.973499
0.386502
0.040273
-0.945238
-0.281351
0.486008
-0.353005
-1.606283
-0.484481
1.947821
0.490210
-0.004769
-0.216644
-1.268163
-1.047556
1.054252
-0.299756
-2.544349
-0.417692
1.825593
0.303423
-0.346130
-0.678243
-0.077590
-0.682271
0.936033
-0.959301
-1.845280
-0.459165
2.292281
0.529437
-0.692518
-0.923566
0.283463
-0.656339
1.056941
-0.454692
-1.882535
-0.170535
2.406734
0.386691
-0.410137
-0.567936
-0.916237
-1.862367
0.382556
-1.834522
-2.607820
-0.445926
1.245250
-0.343097
-0.695676
-1.029667
-0.908901
-1.321803
0.165998
-1.332642
-2.555049
-0.346698
1.367065
-0.759921
-0.574689
-1.282381
-1.200844
-1.596465
-0.102148
-1.819095
-2.524014
-0.317161
1.163279
-0.622841
-0.698103
-1.153318
-0.992230
-1.105447
0.143120
-1.044683
-1.955068
-0.054511
0.805065
-0.749110
-0.970142
-1.008764
-0.795460
-0.751911
0.234852
-0.818998
-2.196830
-0.030694
0.549150
-0.724136
-1.059752
-0.768375
-0.765145
-1.518739
-0.727298
-1.300810
-2.142337
-0.393254
-0.408076
-0.396873
-0.958883
-1.787854
-1.315173
-1.204900
-0.359842
-1.854572
-2.509229
-0.963731
0.379496
-0.754234
-1.268822
-1.312253
-1.613322
-0.633581
0.362224
-0.774943
-2.117788
-0.519222
0.688657
-0.034874
-1.578267
-1.691467
-1.545243
-0.848039
0.348018
-0.989855
-2.208804
-0.031375
0.825355
-0.008876
-0.934046
-1.216492
-1.385468
-1.257827
-0.291071
-1.033848
-2.111001
-0.339693
0.752592
0.127857
-1.391225
-1.380721
-1.815509
-0.918396
0.349124
-1.171887
-1.024771
-0.418351
1.225477
0.748819
-0.969337
-0.727235
-1.904343
-0.759230
0.172315
-1.101478
-1.780054
-0.258973
1.165804
0.541707
-2.065807
-1.174229
-1.543288
-1.096065
0.262320
-1.051523
-2.073488
-0.358446
1.204230
0.122713
-2.044695
-1.037643
-1.570774
-0.758766
0.005638
-1.011013
-2.341818
-0.819565
0.478879
0.111372
-1.965606
-0.891872
-1.210300
-1.253896
0.480957
-0.646444
-2.102345
-0.980677
0.697113
0.338064
-1.467398
-1.531332
-1.579599
-1.128766
0.503280
-0.659000
-2.407495
-0.825344
0.952114
0.076399
-1.158214
-1.277263
-1.260369
-0.470354
0.833425
-0.513269
-2.421768
-1.142884
1.223540
0.379043
-1.133623
-0.541004
-0.819765
-0.395047
0.749990
-0.630352
-1.913419
-1.058416
0.590421
-0.315174
-1.995603
-1.423404
-0.934333
-0.979002
0.137566
-0.606113
-1.488808
-1.083887
1.115026
-0.671650
-1.701172
-1.133881
-1.353321
-0.963304
0.048441
-0.867736
-2.125876
-1.548787
1.441236
0.288101
-2.597320
-1.245241
-1.965467
-1.108867
-0.330649
-1.327718
-1.939562
-1.127080
1.040881
-0.501493
-2.507017
-1.711692
-1.639762
-1.080634
0.059142
-0.560483
-1.709392
-0.684405
1.895496
-0.163833
-1.977809
-1.548718
-0.864692
-0.655791
0.346559
-0.893396
-1.831620
-0.844283
1.724843
-0.943933
-1.845025
-1.696985
-1.408632
-1.021854
0.513482
-1.154897
-2.111932
-1.397198
1.558046
-0.980192
-2.607486
-2.305997
-0.942312
-0.586829
0.725213
-0.805924
-1.269967
-0.801877
1.179503
-0.987812
-1.694250
-1.696892
-1.226257
-1.398811
0.250354
-1.142567
-1.099207
-1.206826
1.461262
-0.733867
-1.099995
-1.804449
-1.243928
-1.531748
-0.200965
-0.743142
-1.399309
-1.308006
1.913187
-0.948675
-1.195848
-1.296259
-0.680984
-0.417738
0.229546
-0.458106
-1.727829
-1.175189
1.654487
-0.119941
-1.013128
-1.066975
-1.285174
-1.333546
0.174590
-0.365900
-2.294640
-1.276112
1.199490
-0.235377
-1.429436
-1.839365
-1.312804
-1.306401
-0.574262
-1.043452
-2.242075
-2.069783
1.050669
-0.639036
-0.831517
-1.347931
-1.043095
-1.339409
-0.073408
-0.364331
-2.031812
-1.187135
1.939211
-0.181013
-1.497398
-0.998614
-1.594796
-1.379900
0.229352
-0.983687
-2.032876
-0.809870
1.205221
-0.292191
-1.476789
-1.125894
-1.357962
-2.130234
0.183532
-1.216812
-2.438314
-1.183789
0.901080
0.135237
-0.912014
-1.845606
-1.129016
-2.200179
-0.878191
-1.039452
-1.759963
-1.816274
0.205965
0.191692
-1.532842
-1.438686
-1.459899
-2.890697
-0.804274
-1.242478
-2.078546
-1.616699
1.330816
0.241475
-2.091917
-1.024073
-2.067623
-3.055386
-0.685233
-1.522233
-1.430223
-0.694804
1.225219
-0.411922
-1.924202
-1.572206
-1.307258
-3.034465
-0.395913
-0.611566
-1.106572
-0.215973
1.042426
-0.313651
-1.496130
-1.065207
-1.114503
-2.792418
-0.694985
-0.575554
-1.655180
-0.387770
0.960667
-0.702063
-0.710215
-0.688668
-0.738208
-2.149608
-0.502477
-0.694222
-2.196430
-0.386003
0.504991
-0.237986
-1.133822
-1.422748
-1.350222
-2.771631
-0.521054
-0.483392
-2.210540
-0.572094
1.118411
-0.439118
-1.409734
-1.424200
-1.747173
-2.701044
-0.518313
-0.925036
-2.154208
-0.654684
1.163429
-0.435827
-0.425389
-1.450718
-2.330424
-2.622300
-0.007415
-0.773795
-2.462117
-0.991397
1.204706
-0.341692
-0.722207
-1.784566
-2.710899
-2.767000
-0.220563
-0.539537
-2.564492
-0.627782
0.051648
-0.645198
-0.436169
-1.571125
-1.699746
-2.444249
-0.522817
-0.810662
-2.513620
-0.623959
-0.359908
-0.992645
-0.877057
-2.001676
-1.568817
-2.035035
-0.677755
-1.428491
-2.207898
-0.887714
-0.352722
-0.769980
-0.959668
-1.361530
-1.774162
-2.007089
-0.751900
-0.892756
-2.692208
-1.105947
-0.357462
-0.554774
-1.082986
-1.385647
-2.591103
-2.002701
-0.771000
-0.950366
-2.840319
-1.663389
-0.368976
-1.139890
-1.396682
-2.071206
-2.064090
-3.051552
-0.823999
-1.266997
-2.865641
-1.610470
-0.147866
-0.766620
-1.446958
-1.938353
-2.336800
-2.516683
-0.989300
-1.333070
-2.821837
-1.087378
-0.321600
-0.095239
-1.841701
-2.324098
-2.508493
-2.357663
-0.945166
-0.818653
-2.639823
-1.339401
-0.415514
0.249707
-1.565123
-2.152299
-2.660546
-2.825501
-1.446923
-0.589199
-2.250178
-1.495706
-0.539854
-0.019661
-1.853625
-2.171165
-2.744694
-3.315243
-0.723424
-1.285321
-2.148773
-1.677787
-0.225831
-0.352003
-1.457436
-2.481816
-3.059291
-2.835583
-0.915451
-1.229301
-2.632560
-1.921934
-0.569243
-0.654081
-0.752704
-2.326306
-3.309168
-2.820210
-0.662852
-0.545087
-2.705982
-1.929516
-0.249850
-0.499539
-1.144155
-2.281318
-2.448935
-1.465891
-0.085530
-0.385993
-2.485158
-0.967612
0.138407
0.370269
-0.979464
-1.976492
-1.814304
-2.507083
-0.435616
-1.080942
-2.094450
-1.047566
-0.880952
0.322414
-0.958918
-1.565159
-1.393536
-1.950615
-0.236842
-0.947541
-1.419277
-1.156661
-0.315418
0.316627
-0.964442
-1.986148
-1.493836
-1.296228
0.329608
0.018791
-1.972735
-0.232744
0.356241
0.977425
0.103533
-1.723407
-1.112990
-2.050095
-0.113193
0.008406
-2.292762
-0.432940
0.000684
0.763256
-0.032737
-1.810900
-1.154109
-2.162900
-0.779532
-1.009231
-1.895647
-0.857682
0.189551
0.060852
0.158332
-2.369486
-1.830433
-3.144867
-0.650425
-0.476559
-2.436342
-1.004435
0.061958
0.148734
-0.148779
-2.124206
-1.220515
-2.836356
-0.488191
-0.671583
-2.351461
-0.858630
-0.140560
0.349512
-0.555887
-2.737717
-2.161198
-2.478544
-0.216463
-1.929143
-2.120039
-1.453049
-0.195718
0.340065
-0.861939
-2.455626
-1.498565
-2.099935
0.438298
-1.400153
-1.747688
-1.006289
0.057063
0.799005
-1.201165
-1.815164
-1.986843
-2.232088
-0.470277
-1.265044
-1.935524
-1.056625
0.546448
0.110070
-0.817505
-2.349023
-2.419457
-1.557735
-1.142331
-1.394204
-3.190143
-1.121980
0.166265
-0.340070
-0.912665
-2.093146
-1.777662
-1.373092
-0.735830
-1.020417
-2.291841
-1.790502
-0.061024
0.290030
-1.324388
-1.850839
-1.835967
-1.814088
-0.155200
-1.067291
-2.217876
-0.887121
0.847518
0.330310
-1.500017
-1.543309
-2.389801
-2.124355
-0.195592
-1.464151
-1.887354
-0.703490
-0.134293
0.628249
-0.978836
-2.377006
-1.653448
-1.375696
-0.771611
-1.159743
-1.856787
-1.063766
0.333261
0.085915
-1.060707
-2.566015
-1.824452
-1.504578
-0.666621
-0.349367
-1.944738
-0.877679
0.504879
0.431220
-0.963487
-2.249209
-2.623346
-0.659243
-0.433912
-1.306642
-2.494936
-0.598753
0.298057
1.029533
-1.096471
-2.292174
-2.215823
-0.923653
0.221473
-1.078696
-2.738379
-0.792836
0.737959
0.303336
-1.167839
-1.534199
-1.781399
-0.917843
-0.123691
-0.768938
-2.208263
-0.328155
0.319724
-0.210513
-1.044991
-1.295148
-1.706726
-0.656900
0.225557
-0.537035
-1.708147
0.009489
0.275076
0.376188
-1.444697
-1.511302
-2.597813
-0.670525
0.151864
-0.791100
-1.201749
-0.198449
0.810418
1.015331
-0.979839
-1.530386
-2.517073
-0.899674
0.514700
-0.643637
-0.963334
-0.811824
1.095077
1.354834
-1.244232
-1.660889
-1.732153
-0.500985
0.049287
-0.953046
-0.566648
-0.950208
0.507572
1.438367
-1.107759
-1.945714
-1.382283
-0.376733
-0.128233
-0.937814
-0.430556
-0.786995
0.637966
0.824658
-1.493401
-2.077338
-2.232045
-0.787062
0.125416
-0.609714
-0.721191
-0.797740
0.578811
1.176157
-1.387295
-2.315953
-1.374765
-0.845731
-0.003086
-1.370894
-0.621923
-1.309874
0.481875
0.988047
-0.871374
-2.807636
-1.653927
-0.954049
-0.004453
-1.852311
-1.109450
-0.483474
0.372318
1.129780
-0.561921
-2.757065
-1.991982
-0.301525
0.200412
-2.079557
-1.270450
-0.710862
0.611126
0.618404
-0.697157
-2.395582
-2.139350
-1.338589
-1.028126
-1.486463
-1.747280
-1.216030
0.164732
0.738862
-1.036243
-2.941509
-1.910058
-1.553521
0.252331
-1.002715
-1.900395
-1.243515
0.749762
0.524437
-1.359980
-2.564486
-1.643713
-1.426638
0.569216
-0.563334
-1.559409
-0.684425
0.963937
0.994370
-1.437112
-2.058783
-1.848079
-1.803775
0.390428
-0.845306
-1.441374
-0.565304
0.833471
0.468843
-1.756296
-2.352278
-1.425277
-1.184945
0.226842
-0.557352
-1.319189
-0.563964
1.025990
0.629047
-1.149215
-2.232201
-1.418106
-2.223971
-0.130370
-1.377318
-1.660477
-1.038523
0.600400
0.423901
-1.606896
-2.007929
-1.647614
-2.227296
-0.291686
-0.636820
-2.194062
-1.060523
1.326911
1.135755
-1.176853
-1.382949
-2.287718
-2.570469
-0.830559
-0.615996
-1.926220
-1.276274
0.699647
0.067013
-1.683257
-1.657100
-1.724228
-1.043231
-0.666624
-0.618893
-2.065616
-1.262287
0.346884
-0.316593
-1.544874
-1.088301
-1.053710
-1.118061
-0.075092
-0.581614
-1.781674
-0.691025
0.366423
-0.337640
-0.864482
-1.150985
-1.349829
-1.534890
0.357999
-0.291330
-1.928346
-1.054406
1.214508
-0.580789
-0.718787
-1.392570
-1.264064
-1.837859
-0.646270
-0.703550
-1.847588
-0.881896
0.771171
-0.362008
-0.777825
-0.978989
-1.878376
-2.349212
-0.845139
-1.785728
-1.823188
-0.922570
0.129232
-0.563794
-0.193124
-1.521425
-1.515300
-1.455860
-0.552188
-1.760534
-1.345208
-0.455212
0.209361
-0.265903
-0.530609
-1.055525
-1.374303
-2.210880
-0.941452
-1.616889
-2.144825
-1.370936
-0.230395
0.232921
-0.935715
-1.004048
-1.156879
-2.356619
0.241671
-1.261560
-1.365358
-1.706842
0.444113
0.631087
-0.446385
-0.858022
-1.800221
-1.980953
-0.530992
-2.145863
-1.734270
-1.462489
-0.599072
0.016933
-1.531799
-1.457341
-2.003436
-2.225816
-0.838394
-1.630953
-1.543050
-0.896845
-0.561464
-0.458801
-1.284140
-1.575736
-1.037143
-2.004503
-0.364439
-1.355361
-1.157860
-0.838102
0.167480
-0.117391
-0.344335
-1.312716
-1.574941
-2.221014
-0.321190
-1.437670
-0.862471
-0.835823
0.688362
0.188200
-0.440305
-1.383949
-1.910532
-2.399486
-0.477707
-1.034460
-1.827192
-1.067814
0.610915
0.013353
-0.604375
-1.313775
-2.265527
-1.912634
-0.389477
-0.815085
-2.499957
-0.554316
0.653493
0.398144
-0.738674
-1.651334
-0.460426
-2.318359
-0.335738
-1.062398
-1.498512
-1.617801
-0.200295
-0.003590
-0.710845
-1.929571
-0.900173
-1.970484
-0.435493
-0.976918
-1.149888
-1.478280
-0.337679
-0.148031
-0.262494
-0.989560
-1.687951
-2.405357
-0.644226
-0.527571
-1.658327
-1.763395
0.220466
1.418715
-0.501891
-1.897226
-1.061666
-1.608047
-0.401838
-0.624973
-1.359930
-1.470439
0.051392
0.733213
-0.656978
-1.800218
-1.180664
-2.105554
-0.329659
-0.159964
-1.587098
-1.472754
0.012360
0.086723
-0.691227
-1.538242
-1.349851
-1.692037
-0.605227
0.002518
-1.901648
-0.809048
0.158309
0.475028
-0.387516
-2.259666
-1.728763
-2.449856
-0.009887
-0.333473
-2.584948
-0.440113
0.411857
0.596866
-0.003958
-2.111818
-2.036391
-2.199619
0.409877
-0.319085
-1.850462
-0.370876
0.759232
0.681677
-0.686998
-1.501178
-1.564255
-2.191333
0.130139
-0.204992
-2.143748
-0.315404
0.837629
0.918379
-0.234280
-0.950052
-2.054168
-1.317864
0.119930
-0.501941
-2.526700
-0.348123
0.380641
0.641502
-1.128443
-1.584756
-1.696377
-1.075729
-0.480017
-0.785702
-2.391996
-0.526864
0.113089
0.557868
-0.821800
-1.205942
-0.860649
-1.193126
0.008234
-0.758148
-1.749415
-0.461177
0.276291
0.194010
0.043445
-1.786134
-0.449830
-1.890115
-0.163266
-0.768003
-2.045950
-0.687456
0.486697
0.442999
-0.506743
-1.553747
-0.578289
-2.006758
0.151446
-1.046767
-1.433302
-0.533125
0.406444
0.348834
-0.399075
-0.961499
-0.616305
-2.000145
0.404275
-0.939569
-1.780178
-0.815906
0.465336
0.662648
-0.440734
-1.690439
-1.139323
-1.764059
0.317158
-0.262688
-1.850875
-0.935051
0.715830
0.719657
0.532588
-1.718897
-1.373417
-1.821090
0.309610
0.180449
-1.895029
-0.427552
-0.104048
1.463634
0.253856
-2.303867
-0.523812
-1.281779
0.258929
0.018401
-1.079107
0.559926
-0.284951
1.211202
0.122649
-1.680632
-0.953469
-1.853484
-0.113232
-0.624095
-0.912207
1.072850
-0.697971
1.699129
0.202844
-1.688914
-1.515286
-2.105230
-0.664435
-0.996499
-1.459449
-0.263290
-0.302118
0.650082
0.104419
-1.782290
-1.382528
-2.119644
-0.773221
-1.488048
-0.876557
0.036716
-0.102342
0.159996
0.503945
-1.530038
-1.149621
-2.434564
-1.404731
-1.669394
-1.647377
0.050933
0.194482
-0.024698
-0.136576
-1.856248
-1.160703
-2.105512
-1.028738
-1.194960
-1.927312
-0.603380
0.845605
0.006034
-0.263799
-1.876754
-0.942925
-1.671163
-0.370407
-0.882111
-1.769458
-0.314646
0.241641
-0.498713
-0.248369
-1.888191
-1.419105
-1.899063
0.208940
-0.244963
-1.519512
-0.229004
0.359838
-0.268794
-0.529745
-1.785830
-1.027461
-2.179381
-0.083804
-0.867787
-1.638713
0.266228
-0.127715
0.103834
0.126063
-1.530878
-1.207927
-2.402416
-0.503120
-1.174878
-1.781306
-0.370382
0.097894
-0.615335
-0.631789
-1.598576
-1.219040
-2.120378
-0.307925
-0.671830
-1.941111
0.366159
0.516673
0.073804
-0.816449
-1.040294
-1.199944
-1.630532
-0.095447
-0.828104
-1.998184
-0.183379
0.588989
-0.636642
-0.320130
-1.518778
-1.233431
-2.466367
0.190171
-1.129566
-1.744344
-0.645902
0.526995
-0.538063
-0.304082
-1.258545
-1.110649
-2.991296
-0.644367
-1.441392
-1.758647
-0.873640
-0.041857
-1.185108
-0.153228
-2.646162
-1.230362
-2.202963
0.278743
-1.021439
-0.920152
0.244092
0.967311
-0.257523
0.602350
-2.208439
-0.889642
-2.497016
-0.242462
-0.636532
-1.339190
0.135815
0.196445
-0.399435
-0.212994
-1.932978
-2.106869
-2.274585
0.181406
-0.977617
-1.427165
-0.261460
0.632809
0.064746
-0.594728
-2.181965
-1.228221
-2.252168
0.431723
-1.146266
-1.533464
-0.670398
0.181738
0.642247
0.066293
-1.396967
-1.554364
-1.983042
0.236392
-1.402152
-2.109219
-0.648141
-0.390024
0.580791
0.080317
-1.674864
-1.653433
-2.592931
0.007069
-1.483080
-2.208913
-0.187129
-0.112400
0.711858
0.012893
-2.034688
-2.089959
-2.416459
0.021629
-1.461937
-2.573632
-0.227012
0.131341
1.233156
0.052406
-1.215158
-1.839229
-2.329657
-0.534444
-1.493979
-2.091962
0.803927
-0.449454
0.255077
-0.077989
-1.259922
-1.616122
-2.486051
-1.069338
-1.928140
-1.569913
0.380424
-0.278875
-0.074616
-0.434577
-1.207171
-1.196870
-2.545673
-0.993019
-1.057707
-1.837324
0.705048
-0.526999
0.115401
-0.976831
-1.378171
-0.835401
-2.078314
-0.810252
-0.695898
-1.208970
0.413365
0.521766
0.147292
-1.172109
-1.202233
-1.567246
-2.849385
-0.749355
-0.663623
-0.500732
0.222789
0.293309
0.015433
-1.027375
-1.970603
-2.031802
-2.725519
-0.565704
-0.442032
-1.298326
0.279001
0.951435
0.936674
-0.922334
-2.481680
-1.790622
-2.900325
-0.304644
-0.077231
-0.926539
0.110239
0.976287
1.329108
-0.296070
-1.318221
-1.808431
-1.962292
-0.078979
-0.018878
-0.624771
0.357392
0.351026
0.937918
-0.688855
-1.390431
-1.463523
-1.797852
0.314951
-0.660309
-0.769638
0.808252
0.189170
1.021968
-1.142259
-1.407230
-0.964489
-1.687280
0.137622
-0.947429
-0.680324
0.351407
0.053580
0.413859
-0.679082
-1.439298
-1.521840
-1.831905
-0.769953
-1.090983
-1.018797
0.292032
0.756422
0.666684
-1.073525
-1.689940
-1.672429
-2.260513
-0.412752
-1.495354
-1.453935
0.010950
0.244099
-0.174148
-1.950353
-1.493125
-1.681610
-2.079455
-0.893224
-0.768261
-1.534571
-0.220032
0.011547
0.327216
-2.252935
-1.835347
-1.383036
-2.104350
-0.323702
-0.516825
-1.296687
-0.143976
-0.172020
0.583559
-1.539949
-2.555593
-1.418863
-2.289393
-0.291842
-0.829991
-0.956642
0.326589
0.359405
0.489732
-1.042476
-2.256885
-1.854044
-2.369111
-0.305754
-1.274145
-1.380432
0.148902
0.444655
0.846697
-1.210700
-2.173352
-1.401553
-2.147073
0.218169
-0.542528
-1.437662
0.135974
0.666644
0.944858
-0.503854
-1.699796
-0.935692
-2.653975
0.143185
-0.773251
-1.379698
0.022223
0.881806
1.048756
-1.509981
-2.253247
-1.290211
-2.978121
0.203502
-0.440528
-1.434922
-1.068586
-0.195625
0.715028
-1.278907
-2.112041
-1.832882
-2.564764
-0.003006
-1.211113
-0.995916
-0.178647
0.457922
1.678053
-1.397781
-1.890171
-1.988567
-2.899065
0.002507
-0.707677
-1.796245
-0.290090
0.128863
0.468953
-1.355066
-1.445980
-1.190984
-2.714633
-0.257959
0.081347
-2.219285
0.080385
0.311376
0.298648
-0.689241
-1.252681
-0.875462
-1.781638
-0.542783
-0.277643
-1.120692
-0.075124
0.051941
0.210640
-1.514720
-1.865871
-0.711963
-2.194116
-0.376414
-0.003352
-0.875340
0.460696
0.478178
0.532665
-0.474651
-1.588713
-1.052419
-0.701847
0.369110
-0.534105
-1.167391
0.506778
0.648322
0.432835
-1.016486
-1.001510
-0.916405
-0.990649
0.330029
-1.194924
-0.758022
0.749404
0.578188
0.664592
-0.946418
-0.704385
-0.781237
-1.609707
0.638793
-0.858632
-1.048361
0.749226
0.039697
1.380669
-0.154438
-0.693026
-0.668302
-1.827399
0.705416
-1.258764
-0.813214
0.618213
-0.130237
1.278213
0.009940
-0.626732
-0.854334
-1.759893
-0.256555
-0.665868
-1.272843
-0.417246
-0.009489
1.003097
-0.527570
-1.251314
-1.326360
-1.284449
0.082145
-0.719340
-1.538090
0.363122
-0.008792
1.863935
-0.232263
-1.200033
-1.333437
-1.081127
0.811357
-0.174328
-0.945490
0.199759
0.161234
1.114793
-0.839752
-0.855401
-0.474436
-0.321824
0.636670
-0.661092
-0.735305
0.153115
0.162333
0.851120
-0.530605
-1.343209
-1.202250
-1.153483
0.510776
-0.170721
-1.218330
-0.383850
0.268835
0.266956
-1.437350
-1.626270
-0.890648
-0.414111
0.932337
-0.751555
-0.703127
-0.220244
0.474625
0.343440
-1.416874
-2.073425
-0.588262
-0.497808
0.396881
-0.930371
-1.005661
0.673759
0.323401
0.157957
-0.984368
-2.291415
-0.641883
-1.141267
0.237173
-0.419762
-1.200602
0.131549
0.439672
-0.100711
-0.979740
-1.470508
-1.248753
-1.588862
-0.049558
-1.050849
-1.499222
-0.524661
0.265347
0.163202
-0.696445
-1.983674
-1.479534
-1.395356
0.471098
-1.478125
-0.423742
-0.544016
0.185005
0.574528
-0.613144
-1.921359
-2.251322
-1.299798
0.453534
-0.974822
-1.333383
-0.621207
0.435950
0.352898
-0.873027
-1.716527
-1.304752
-1.624619
0.444396
-0.755811
-0.424910
-0.513509
-0.008506
-0.061649
-1.143777
-1.248637
-1.030502
-1.723798
-0.121637
-0.946431
-0.623318
-0.296056
0.078140
-0.290847
-0.375117
-1.198393
-1.155305
-1.544729
-0.013569
-0.914670
-0.866217
-0.364140
0.063680
-0.438704
-0.978030
-1.735916
-1.684553
-1.233957
0.020558
-0.176603
-1.109477
-0.565304
-0.394757
-0.380532
-0.650744
-1.125924
-1.516409
-1.728080
-0.210231
-0.217783
-1.479890
-0.700063
-0.069673
-0.446661
-0.322818
-1.752521
-1.285590
-2.314268
-0.123606
0.078148
-0.781509
-1.126092
0.238116
-0.591948
-0.684622
-1.223970
-1.465449
-2.159991
-0.545374
-0.393704
-1.541429
-0.620028
0.021517
-0.573246
-1.159981
-2.062576
-0.858623
-2.301758
-0.003959
-0.364950
-1.849433
-0.660877
0.191575
-0.521235
-2.028077
-1.638145
-1.110209
-2.310754
-0.039582
-0.013051
-1.617314
-1.003584
0.443272
0.214732
-0.534763
-1.672851
-1.293714
-1.501690
0.655973
-0.003581
-2.529466
-0.620893
0.476777
0.315949
-0.350992
-1.941078
-1.687103
-1.868841
0.422236
-0.551984
-2.376830
-0.219954
0.452973
0.671914
-0.204715
-1.225334
-1.566279
-1.480835
0.714288
-0.053133
-1.817039
-0.571164
0.758947
0.720613
-0.340167
-1.470397
-1.755958
-1.403387
0.298672
-0.145464
-2.373061
-0.065326
0.856418
0.924616
-0.436498
-1.087740
-1.402878
-1.268179
0.407511
-0.106364
-2.176406
-0.389322
0.553704
0.395097
-0.299022
-1.038836
-0.980480
-1.470638
0.035557
-0.110726
-1.581306
-0.991425
0.116480
0.920749
-0.371663
-0.807007
-1.289113
-1.355495
0.267219
0.428303
-1.534692
-1.072490
0.975171
1.107631
-0.448830
-1.115596
-1.216176
-1.428830
0.503555
-0.042438
-1.993802
-1.118014
0.802948
0.138063
-0.629721
-1.172496
-1.560057
-1.383317
0.376769
-0.042023
-1.370601
-0.841897
0.662780
0.199439
-0.776521
-1.031209
-1.746997
-1.772711
0.346529
-0.104106
-1.636868
-1.075253
1.049140
1.171636
0.005814
-0.398598
-1.227870
-1.598028
-0.018856
0.078199
-1.140414
-0.778116
0.234403
0.910979
0.633544
-1.110009
-1.427635
-1.347352
-0.251883
-0.195876
-1.205341
-1.423459
0.045660
-0.121255
-0.053026
-1.246025
-0.900757
-1.104059
-0.452889
-0.284864
-1.065998
-0.056110
0.542307
0.848055
1.019558
-0.794945
-0.917939
-1.489633
-0.407241
-0.690667
-1.728798
-0.616523
0.739132
1.125215
0.474452
-1.383162
-1.253292
-1.107303
-0.314154
0.018754
-1.481255
-1.254799
0.571971
0.470775
-0.126855
-1.693410
-1.262049
-1.264662
-0.049403
0.470313
-1.940717
-0.845334
0.782715
1.243770
-0.150026
-0.902863
-0.913370
-1.591498
-0.345242
0.577680
-0.982834
-1.456681
0.300981
0.305541
-0.336893
-1.482202
-0.488261
-1.152189
-0.588861
1.229297
-1.249495
-1.469824
1.009333
0.137645
-0.132128
-2.137659
-0.502416
-1.988931
-0.737830
1.104250
-1.565697
-1.210818
0.307890
0.287876
0.129974
-1.461677
-1.212674
-2.315833
-0.619419
1.350320
-2.021468
-1.843667
0.666292
0.766943
-0.084726
-1.447865
-1.529073
-2.761721
-0.495551
1.766623
-1.767281
-0.863649
0.724449
1.056748
-0.227820
-0.989760
-0.922997
-2.648296
0.181433
1.527395
-2.260478
-1.267497
0.591007
0.804690
-0.965382
-0.615621
-0.926931
-2.841654
-0.076361
0.597074
-1.753198
-1.645829
0.206710
0.813993
-0.540346
-1.236757
-0.685352
-2.069052
-0.107014
0.124228
-1.681487
-1.527613
0.386585
0.759678
-0.797809
-2.134607
-0.316683
-2.433864
-0.567531
0.201589
-1.713998
-1.638296
-0.476825
0.718871
-0.663435
-2.004605
-0.158736
-2.684427
-0.568629
0.170378
-1.231908
-1.649368
-0.637942
0.041742
-1.083938
-1.796255
-0.295144
-2.996767
-0.195583
-0.213734
-1.282240
-1.759449
-0.221856
0.264563
-1.079382
-2.131449
-0.633888
-2.468995
0.000282
0.114311
-1.192414
-0.966323
-0.023482
0.220324
-1.252797
-1.024289
-0.505517
-2.700200
-0.273634
0.866400
-1.951235
-1.437680
0.568831
0.138997
-1.017361
-2.188004
-0.253364
-3.372120
-0.590182
0.193047
-2.543536
-2.271346
0.307625
0.037809
-0.438511
-1.712285
-0.494043
-3.525831
-0.169574
-0.241873
-1.966418
-1.348307
0.027238
0.505086
-0.777320
-1.610725
-0.245601
-2.983428
0.089686
0.587787
-1.791013
-0.795136
0.740569
1.025193
-1.098767
-1.515835
-1.067318
-3.291352
-0.192485
0.624930
-1.839470
-1.146364
0.212143
1.128073
-1.645070
-1.460033
-0.917290
-3.651317
0.048053
0.110188
-1.724980
-1.485748
0.845066
0.894658
-1.071225
-1.246195
-1.107477
-2.763323
0.249912
0.331797
-1.915119
-1.353369
0.213625
0.981380
-0.888268
-1.760939
-1.342450
-3.484664
0.015955
0.269399
-1.467186
-0.941483
0.526706
1.021205
-0.429422
-2.072227
-2.130306
-3.393580
-0.657735
-0.185571
-2.136907
-1.263580
0.551236
1.219002
-1.126640
-2.385464
-1.609954
-2.530439
-0.549757
-0.611481
-2.043996
-1.099483
0.974958
1.220789
-0.678354
-1.696025
-1.957684
-2.180803
0.351376
-0.368098
-1.946124
-1.477522
0.163926
0.954185
-1.363907
-2.317865
-2.212216
-2.603654
0.419258
-0.126145
-2.335520
-1.391872
0.335932
0.794896
-1.077166
-1.182722
-2.235065
-3.673812
-0.405071
-0.024825
-1.967612
-1.741508
-0.656835
0.023204
-0.895349
-2.290079
-1.946740
-3.458377
-0.808790
0.162579
-2.447017
-1.167161
0.095337
-0.106126
-0.920897
-2.168391
-0.993576
-2.821632
-0.897852
-0.145228
-2.496781
-1.339909
-0.066927
-0.209828
-1.927148
-1.786857
-1.113788
-3.078645
-0.689031
-0.086595
-2.916289
-1.145016
-0.307447
-0.747378
-1.136241
-1.757260
-0.878438
-3.074309
-0.240322
0.057126
-2.571939
-1.401925
0.049026
0.192180
-0.769906
-1.903387
-1.031153
-2.672222
-0.167854
-0.457643
-2.536200
-0.871506
-0.119128
-0.219027
-0.770740
-2.421028
-0.894077
-2.435720
-0.275203
0.394219
-1.715096
0.079030
-0.509013
0.222844
-1.076096
-2.161887
-0.991212
-2.039442
-0.622153
-0.343085
-3.035639
-0.880965
-0.016235
-0.127702
-2.224927
-1.774113
-1.029309
-2.181463
-0.428282
0.520404
-3.198017
-0.640944
0.645713
0.243704
-1.961709
-2.219740
-0.230865
-1.484291
-0.207800
0.209718
-3.198644
-1.052757
0.633006
0.456633
-2.160557
-2.358481
-0.122008
-2.154313
-0.335519
0.176507
-2.191124
-1.736539
-0.226100
0.504982
-1.353178
-1.803867
-0.486959
-1.990943
0.021029
-0.036579
-2.431320
-1.121788
0.381509
0.532491
-1.436957
-1.873307
-0.971070
-1.985051
0.094422
-0.678758
-2.932520
-1.211874
0.885476
1.300453
-1.480612
-1.523881
-1.091042
-2.064114
-0.153545
0.155556
-2.086664
-1.469760
0.453151
1.232317
-1.307576
-1.571882
-1.354625
-2.231207
0.281499
-0.218889
-2.044841
-1.678028
0.100711
1.220339
-1.189820
-1.476556
-1.426787
-2.576287
-0.263207
0.093800
-2.067616
-1.039961
0.446735
0.008378
-1.234783
-1.078846
-0.648468
-2.004902
-0.159566
-0.504889
-2.243747
-0.315384
1.043061
0.652024
-1.539755
-1.576117
-0.989493
-2.794011
-0.854638
-0.104387
-1.736824
-1.873197
0.091436
0.914667
-1.160814
-2.021929
-1.391041
-2.638009
-0.290686
-0.786009
-2.123739
-1.589133
0.745537
0.249628
-1.543055
-1.070469
-1.306782
-3.010510
-0.919866
-0.481217
-2.347399
-1.574905
0.215605
0.671437
-2.145607
-1.680590
-1.094623
-2.020768
-0.323054
-0.701597
-2.208599
-1.231234
0.509307
0.846719
-1.023455
-1.590200
-0.793266
-1.765919
0.840503
-0.077186
-2.555521
-1.279035
0.596493
0.455370
-0.906246
-2.417860
-1.508427
-2.829718
-0.088054
0.286252
-2.558027
-0.759238
-0.172442
0.992845
-0.881986
-2.251145
-1.250220
-2.271053
-0.219915
-0.628269
-2.142385
-0.919085
-0.198297
0.991843
-1.151981
-2.223793
-1.602112
-2.530600
-0.055076
-0.973740
-1.999362
-0.481068
0.474041
0.423030
-1.232709
-2.274479
-0.785232
-2.190418
-0.412144
-0.359236
-2.285421
0.134826
0.721178
-0.034244
-1.561780
-2.315596
-0.483537
-2.164422
0.142087
-0.192850
-2.490105
0.190387
1.794542
-0.478887
-1.045939
-2.074843
-0.662567
-2.464466
-0.140027
-0.267940
-2.721302
0.172724
1.169774
-0.143422
-1.421486
-2.429900
-0.835336
-2.684727
-1.085816
0.137283
-2.355440
0.170365
0.403875
-0.002364
-1.910826
-2.751279
-0.465301
-2.527431
-1.249944
0.049457
-2.132726
-0.445795
0.476872
0.357499
-2.277756
-2.966030
-0.303063
-2.363845
-0.939469
0.018926
-1.547739
-1.111999
0.701736
0.613757
-1.614601
-2.684250
-0.587310
-1.870020
-1.029245
0.568589
-2.216444
-0.496245
0.983307
1.195181
-1.721554
-2.495954
-1.177039
-2.298251
-1.200142
0.293746
-1.866109
-0.653126
0.497639
0.793593
-2.146299
-2.318454
-0.778665
-1.873072
-0.936569
-0.384171
-1.720280
0.173455
0.852718
1.218909
-1.793598
-1.864079
-0.743388
-1.581574
-0.557102
0.137145
-1.745303
-0.335845
0.239251
0.526930
-1.669092
-2.039863
-0.524077
-1.455436
-1.208845
-0.751035
-1.666915
-0.252998
-0.106628
0.301942
-1.568029
-1.952988
-0.666612
-2.026419
-0.612680
-0.630498
-1.266953
-0.106227
0.734742
0.007954
-1.329622
-1.789530
-0.276078
-2.736563
-0.210409
-0.922970
-1.179260
-0.516636
0.327846
0.085467
-0.171597
-1.492096
0.094531
-1.858699
0.207440
-0.580746
-0.750657
0.494973
0.729942
0.704759
-0.399309
-1.636343
-1.227907
-2.058375
-0.081813
-0.846230
-1.639193
0.200053
0.111759
-0.031680
-1.730014
-2.053667
-0.173512
-2.096559
-0.456782
-0.417082
-1.451351
-0.565060
0.678261
0.160866
-1.582735
-1.916439
-0.717169
-2.491826
-0.136256
-0.558050
-1.484542
-0.437639
1.350398
0.272895
-1.068845
-1.515377
-1.140436
-2.418795
0.059011
-0.244511
-1.365784
-0.935975
1.032660
0.248411
-1.749090
-1.686218
-0.162135
-2.126959
0.260361
-0.033480
-0.785977
-0.532219
1.180558
0.763635
-1.311342
-1.676929
-0.362693
-1.561439
0.186786
0.194976
-1.413977
-0.144759
1.182880
0.043198
-1.750041
-1.579058
-0.644239
-1.508102
-0.353215
-0.521784
-1.254684
0.324424
0.721160
-0.386309
-1.486250
-1.446090
0.077701
-1.465949
0.326861
-0.080258
-1.136684
0.706201
1.158667
-0.373320
-1.175917
-1.181172
-0.427131
-1.566453
0.420989
-1.011499
-1.098636
0.711391
0.609437
-0.947956
-1.153406
-1.853424
-0.633463
-1.886264
0.396795
-0.595651
-1.039030
0.082215
0.678200
-1.049733
-0.947384
-2.155018
-1.067985
-2.511222
0.166897
-0.687994
-1.798163
-0.483388
0.686135
-0.522029
-1.122570
-1.457875
-0.246508
-1.251880
0.230909
-0.201649
-1.062686
0.646175
0.963153
0.313378
-1.867730
-1.169296
-0.929494
-1.936099
0.542259
0.549215
-1.605413
0.121056
1.039196
0.701135
-1.851783
-1.035795
-0.891366
-1.903370
0.828834
-0.669793
-1.316743
0.153514
0.892921
-0.106938
-1.008402
-1.149380
-0.645987
-1.831203
0.550857
0.024803
-1.188471
-0.122102
0.844617
-0.463876
-1.291167
-0.499059
-0.937721
-2.050542
0.397973
-0.210470
-0.970405
0.229840
1.311951
-0.406443
-1.029085
-0.187234
-1.360816
-2.229122
0.222453
0.719912
-0.923457
-0.553110
1.171473
0.181397
-0.451674
-0.263147
-1.888486
-1.980921
0.598646
0.748679
-0.747465
-0.412621
0.899526
0.206810
-0.384396
-0.222546
-2.199003
-1.561658
1.170675
-0.959302
-0.436179
-0.491453
0.585768
0.014056
-0.443553
-0.828095
-0.980405
-0.846260
1.260322
-0.446801
-0.172058
-0.174396
-0.033699
0.143565
-0.049560
-0.512166
-1.179236
-0.460921
0.914060
0.318233
-0.728319
-0.479751
0.923218
0.137600
0.070240
-0.830411
-1.696886
-1.109681
0.602383
0.060786
-0.841113
-0.840840
0.088393
-0.355253
-0.121760
-1.060514
-1.307497
-0.778074
0.663791
0.397677
0.043790
-0.613816
-0.807170
0.090367
-0.374675
-0.832459
-0.994950
-1.575047
0.898758
0.499239
0.132056
-0.540973
-0.324952
-0.248676
0.145649
-0.467779
-0.452979
-1.101496
0.515856
0.116412
0.097469
0.211146
-0.245557
0.119878
0.305768
-0.601172
-0.692336
-1.736478
0.362116
-0.659946
-0.117215
0.092289
-0.201847
-0.069434
-0.050812
-0.667613
-1.040238
-2.567246
-0.543522
-0.707596
-1.556413
-1.316540
-0.343348
-0.698012
-0.701172
-1.578656
-0.850699
-2.142413
-0.316083
-0.731310
-1.053179
-0.551432
0.164540
-0.175035
-0.702192
-1.396915
-0.312789
-1.796847
-0.088360
-0.228237
-0.401890
-0.862800
0.097156
-1.063179
-1.149550
-1.539001
-1.022818
-1.313912
-0.042690
-0.306218
-0.732284
-0.850891
-0.113795
-0.513726
-1.307951
-1.426758
-0.964220
-1.169208
-0.392517
-1.536666
-0.699016
-0.869616
-0.508365
-0.657354
-1.324779
-1.860350
-0.967355
-1.554710
0.029464
-0.947122
-0.537646
-0.645052
0.097106
0.061908
-1.039894
-1.234818
-0.983282
-1.024767
0.354469
-1.214238
-0.989541
-0.978363
0.274771
0.482554
-0.492002
-0.741926
-0.895299
-1.237047
0.263897
-0.802063
-0.804366
-1.191646
0.300918
0.246005
-0.482675
-0.957301
-0.759872
-0.972066
0.143868
-0.359057
-0.381738
-1.272899
0.375266
0.308959
-1.069173
-0.341218
-1.291323
-1.908093
0.242777
-0.974549
-0.635385
-1.621349
-0.273830
-0.647953
-0.896842
-1.464498
-0.634300
-1.480858
0.423705
-0.954122
-0.521058
-1.329063
-0.335683
-0.627251
-0.460751
-1.778647
-1.541520
-1.687462
-0.386511
-0.799059
-1.220899
-1.437642
-0.325016
-0.595354
-0.910715
-1.461727
-0.981859
-1.775647
0.086548
-0.809419
-1.141874
-1.751885
-0.538161
0.007038
-0.493099
-1.564748
-1.463627
-2.217432
-0.291989
0.065029
-0.863119
-1.974029
0.129333
-0.323411
-1.239275
-1.964712
-2.125730
-2.554624
-0.381866
-0.038701
-1.259406
-1.012080
-0.360587
-0.377471
-0.845638
-1.782555
-1.725248
-2.056089
-0.245636
-0.398872
-1.168748
-1.344915
-0.417032
-0.192306
-0.917283
-1.454295
-1.976480
-2.961966
-0.338505
0.091971
-1.885254
-1.577728
-0.200831
-0.160546
-0.805368
-1.377461
-1.376493
-2.802110
-0.658205
-0.430694
-2.225475
-1.297927
-0.232672
0.136135
-1.140111
-1.590536
-1.575395
-1.653618
0.044273
-0.149414
-1.559006
-0.503679
0.132179
0.069944
-1.023740
-0.740822
-1.300150
-1.421733
0.234607
0.669562
-1.483022
-0.317229
0.123810
0.177125
-1.033887
-1.536465
-0.747960
-1.707856
0.008918
0.228508
-1.304367
-0.153650
0.644973
-0.179940
-1.231648
-1.390312
-0.871690
-0.894402
0.952227
0.596653
-1.508651
-0.091777
1.427033
0.000106
-1.739092
-0.956252
-1.203556
-1.432493
0.584118
0.350062
-1.457907
-0.842868
0.812762
0.111750
-1.452464
-1.252954
-1.351616
-2.428997
-0.102242
0.070629
-1.751849
-1.072860
0.549620
-0.260284
-1.365624
-1.553584
-1.883824
-1.939555
-0.239728
0.329309
-1.955807
-1.592564
0.092262
0.096895
-0.784691
-1.728599
-1.896153
-2.613739
0.091285
0.073266
-1.294673
-0.856756
-0.263696
-0.472542
-0.862093
-1.260688
-1.528929
-3.122350
0.495472
-0.192103
-1.499209
-1.261720
-0.462986
0.043564
-0.679692
-1.726193
-1.492339
-2.477057
0.511306
-0.221891
-0.970904
-1.609472
-0.454769
0.161909
-0.343092
-1.001866
-1.334748
-2.325305
-0.221000
0.434088
-0.997479
-1.332319
-0.675935
0.203582
-0.121443
-2.035336
-1.396789
-2.017979
0.801244
0.657322
-0.623908
-1.173632
-0.057778
0.954871
-0.298817
-1.844775
-1.633120
-1.689042
0.313314
0.353845
-0.871302
-0.733153
0.184542
0.226798
-0.363102
-1.720293
-1.377891
-2.472388
-0.333624
-0.058458
-1.749481
-0.807513
-0.264494
0.253704
-0.599559
-1.889974
-1.823637
-2.364228
-0.144199
0.215773
-0.715542
-0.827805
-0.853012
0.575214
-1.200125
-1.221063
-2.516445
-2.493041
-0.581516
0.489758
-1.209962
-0.450683
-0.561409
0.491731
-1.750158
-1.177670
-1.729062
-2.359746
-0.433371
-0.321963
-0.744081
-0.513517
-0.254325
0.265549
-1.960769
-1.040378
-1.762242
-2.502213
-0.374595
-0.472643
-0.528130
-0.510675
-0.307161
0.547127
-1.400334
-1.216779
-2.071711
-2.172210
-0.527667
-0.113087
-1.373284
-0.577348
-0.094360
1.180490
-1.846592
-1.404361
-1.449341
-2.696610
-0.377648
0.603246
-1.232484
-0.957555
0.189071
1.923675
-2.055033
-1.922265
-1.482126
-2.142931
-0.177191
0.165480
-1.634250
-1.056338
-0.641907
1.342850
-2.053688
-1.848978
-1.392639
-2.062770
0.462374
-0.112950
-0.914712
-0.504219
-0.386151
1.260233
-1.277028
-1.423479
-1.092825
-1.760170
0.356382
0.167792
-2.001530
-0.974919
0.237023
1.148181
-1.374063
-2.271756
-2.176632
-1.973932
0.067762
0.285959
-1.977744
-0.542356
0.046234
2.394943
-1.988733
-2.065911
-1.156450
-1.857243
0.588548
0.444407
-1.843091
-0.842716
-0.064726
1.856652
-0.976477
-1.550323
-1.603874
-1.847070
0.333505
-0.396616
-2.066674
-0.852561
-0.271958
1.896801
-0.919046
-1.732510
-0.846707
-1.479977
0.207355
1.149493
-2.245562
-0.458612
0.145280
1.776748
-0.981767
-1.592758
-1.050981
-0.887289
0.967793
0.542614
-2.029667
0.120322
0.412887
1.716576
-1.156428
-0.265224
-1.054890
-1.828463
0.842889
0.444808
-2.430010
-0.516492
0.471412
1.251681
-1.401096
-1.632450
-0.942098
-2.109545
0.278675
-0.257691
-2.288145
-0.319753
0.162803
0.905867
-1.163516
-1.309145
-1.171023
-1.566158
0.177626
0.395766
-2.367426
-0.540315
0.375766
1.126966
-1.038780
-1.433565
-1.581073
-1.918212
0.006602
0.029499
-1.999514
-0.476188
0.019787
0.218894
-1.960145
-1.652400
-1.372956
-2.885111
0.760164
0.388510
-1.978765
-0.799373
-0.356098
0.515080
-1.036105
-1.318192
-1.436768
-2.557499
0.413842
0.229640
-1.666457
-1.766114
-0.630213
-0.151776
-1.444407
-2.023738
-1.038577
-1.598048
0.168402
0.085830
-1.455663
-0.178130
-0.404402
0.181166
-1.302440
-1.246506
-0.866557
-1.939145
-0.201363
0.308151
-1.841895
0.074742
-0.577096
0.732079
-0.832369
-1.567779
-0.541966
-2.164700
0.245659
-0.098259
-1.532143
-0.233403
0.406777
0.634131
-0.872915
-1.602916
-0.504601
-1.998313
0.210771
-0.579532
-1.561283
-0.505783
0.432250
-0.016120
-0.803059
-2.116800
-0.338037
-2.413332
0.334159
-0.179435
-1.253064
-0.270397
0.284157
0.568614
-1.092328
-1.697753
-0.859119
-2.158498
0.589366
0.062823
-1.846004
0.056944
0.445756
0.136702
-1.166356
-1.859630
-0.476743
-2.474558
-0.019303
0.458369
-1.199744
0.071878
0.066447
0.955460
-1.563288
-1.686530
-0.315551
-1.530304
-0.129365
0.080279
-1.150731
-0.178330
0.054775
1.556118
-1.108728
-2.216257
-0.397107
-1.566089
-0.371304
0.074700
-1.383752
-0.459159
-0.380405
1.204312
-1.503911
-1.935825
-0.897910
-2.312520
-0.877732
-0.374579
-1.710764
-0.229695
-0.399729
0.724908
-1.604018
-1.005350
-0.934101
-2.144120
-0.047995
-0.176673
-2.358071
-0.970666
0.029656
0.576954
-1.983848
-1.761515
-1.290596
-2.625883
0.236666
-0.382940
-1.495769
-0.184506
-0.079154
0.678320
-2.182958
-1.627567
-0.573128
-2.581631
-0.835806
0.579464
-0.780542
-1.113239
-0.110710
0.024436
-2.584115
-1.496713
-0.679986
-2.399886
-0.105365
0.480330
-1.045216
-1.007277
0.757574
0.557831
-1.628420
-1.277783
-1.004339
-2.585608
0.004016
-0.306728
-1.249591
-0.895557
0.326130
-0.086589
-1.632099
-0.921496
-1.125672
-2.769088
0.112449
-0.204658
-1.134318
-1.056649
0.348681
0.098451
-0.648294
-0.253761
-0.695881
-3.257353
0.422175
0.228568
-0.166392
-1.275783
-0.391577
0.331821
-1.223183
-1.046865
-0.593430
-2.470768
0.352730
-0.548231
-0.695772
-0.898377
-0.013858
-0.133558
-0.734888
-1.232772
-0.726534
-1.895782
0.998516
-0.795579
-1.345433
-1.180597
0.681498
-0.064130
-0.734911
-1.624836
-0.944848
-2.206752
1.259421
0.008915
-1.785727
-0.999111
0.525511
-0.020105
-1.604145
-1.312494
-0.375911
-2.666332
0.748693
-0.122081
-1.830800
-0.858317
0.267830
0.343583
-1.528731
-2.002714
-0.145094
-1.594670
1.144158
-0.671010
-1.672238
-1.853154
0.046006
-0.657280
-0.853510
-1.594359
-0.097525
-2.661629
0.808017
-1.224974
-1.857329
-1.689212
0.034185
-0.976734
-1.102764
-1.195647
-0.155652
-2.774712
0.701059
-1.157801
-0.812063
-1.444581
0.146111
0.043802
-0.954527
-0.494292
-0.857943
-2.178337
0.699535
0.182893
-1.599319
-1.457575
0.332773
0.374656
-1.451596
-1.018173
-1.296678
-2.501435
0.743397
-0.386779
-1.683372
-1.337807
0.264573
0.142920
-0.994742
-1.088526
-0.976051
-1.989735
1.263626
-0.244103
-1.352630
-0.640259
0.565191
0.126476
-1.515386
-1.761806
-0.034553
-1.240149
1.089253
-0.516854
-0.955619
-0.574854
0.998793
-0.309576
-1.029207
-1.140809
-0.320250
-1.937054
0.695313
0.183624
-0.518866
-1.008622
1.068166
-0.433335
-1.326615
-0.641395
-0.754289
-1.096765
1.079959
0.354260
-0.201899
-0.546755
0.204925
0.174635
-1.383796
-0.411297
-0.704521
-0.727672
1.174344
0.195786
-0.022933
-0.653948
0.904390
0.198601
-0.784970
-0.523491
-0.812749
-1.456066
0.997528
-0.248744
-0.614125
-1.305439
0.601092
0.218220
-1.476962
-1.157743
-0.552569
-0.933340
1.160248
-0.190622
-0.252048
-0.452163
0.819759
1.007589
-0.581299
-0.725053
-0.698167
-1.119253
1.304416
-0.076757
-0.658485
-0.768576
0.412501
0.660759
-1.122280
-1.109655
-0.293969
-0.926419
0.988097
0.204176
-0.505031
-0.788953
0.397857
0.046492
-1.161539
-1.227644
-0.219667
-0.962017
0.980851
-0.100428
-0.959501
-1.190993
0.986687
0.201305
-0.839770
-0.837513
-0.011472
-1.473382
1.439728
0.539779
-1.153565
-0.295415
0.485882
0.585294
-0.559712
-1.408817
-0.994185
-2.105801
0.803119
0.291797
-1.531190
-0.335110
0.326502
0.711942
-0.562987
-1.040092
-0.480580
-1.531490
0.531761
1.051674
-1.489611
-0.604764
0.408727
-0.053582
-0.066185
-1.131415
-0.715276
-2.385259
0.351481
0.889659
-1.194624
-0.291714
0.562481
-0.386756
-0.340240
-0.944735
-0.119137
-1.867403
0.153521
0.544305
-0.846493
-0.048610
-0.626712
-0.641548
-0.211481
-0.707668
0.298599
-1.948190
1.601250
0.449159
-1.262417
-0.017042
0.056860
-0.440183
-0.076924
-0.889539
-0.132492
-1.738271
0.894673
0.165209
-1.214100
0.133401
-0.804976
-0.056835
-0.718560
-0.883140
-0.345066
-2.115396
1.033472
0.122596
-1.020708
-0.503401
-0.670797
0.408632
-0.264495
-0.702508
0.226749
-1.316650
2.062817
0.322633
-0.627823
-0.299723
0.171574
-0.143457
0.207808
-1.088730
-0.327007
-2.279036
1.604975
0.659282
-1.408935
-0.132284
-0.184058
-0.367023
-0.453450
-1.202607
-0.232129
-1.593314
1.786539
0.640228
-0.227198
-0.339240
0.454095
0.274586
0.259216
-1.101856
-0.222834
-1.354193
1.611803
0.760319
-0.677622
-0.254413
1.066517
-0.013505
-0.121673
-0.530580
-0.914242
-1.353444
1.639997
0.193605
-0.696136
0.203295
0.419486
-0.426251
-0.573908
-0.654027
-0.391947
-0.664432
1.620061
0.148759
-0.073444
-0.374064
0.749165
-0.275848
-1.358216
-1.680279
-0.346826
-1.466543
0.968118
0.031134
-0.142127
-0.636448
0.083046
-0.402765
-0.963121
-1.734648
-0.650641
-0.793855
0.593034
0.226575
-0.993745
-0.428869
0.976480
-0.617421
-0.469136
-0.714857
-0.544301
-1.009475
0.791881
0.520666
-0.948637
-0.798689
0.519586
-0.824394
-0.480394
-1.353914
-0.870455
-0.776107
1.298397
0.507047
-0.616020
-0.303910
0.744883
-0.549430
-0.719112
-0.829637
-0.391117
-1.161629
0.674061
0.028581
-0.810663
0.096547
-0.088130
-0.600008
-0.148509
-0.742998
-0.947034
-0.817753
1.570586
0.245167
-0.253699
-0.334074
0.207629
-0.206104
-0.225106
-1.007335
-0.375315
-1.237871
1.210285
-0.224749
-0.359246
-0.536430
0.191074
-0.778839
-0.795402
-1.044154
-0.789867
-0.867851
0.883395
0.632105
-0.849690
-0.749417
-0.053026
-0.799144
-0.964272
-1.226872
-0.748794
-1.322477
0.938285
1.236284
-0.666307
-1.049012
0.552651
0.166191
0.190855
-0.951680
0.134271
-0.805152
0.749092
0.848691
-0.310794
0.527157
0.604732
0.380735
0.601063
-0.434650
-0.033200
-0.742616
1.280235
0.794092
-0.547331
0.298301
0.725615
0.701688
0.079542
-0.927173
0.054394
-0.102803
1.235630
1.010725
-0.957057
0.508967
0.442008
0.426141
0.141802
-0.247023
0.020366
-0.163996
1.059359
0.770672
0.318041
0.752195
-0.021762
-0.098126
-0.158954
-0.041123
-0.614337
-0.287821
0.348042
0.418569
0.373469
0.096567
-0.075169
0.182951
-0.831323
-0.424177
-1.025084
-0.334675
0.432821
0.331602
-0.126025
-0.093667
0.184848
0.088644
-0.337813
-0.785920
-0.367940
-0.672081
1.099642
0.466756
-0.428631
-0.130697
-0.078568
-0.058343
-0.224592
-0.558614
-0.557564
-0.815662
-0.080446
-0.208873
-0.963937
-0.592275
0.125045
0.277255
0.342179
-1.114067
-0.762351
-0.746865
-0.304181
0.120847
-0.892111
-0.256225
0.433447
0.659484
-0.136236
-0.403768
0.030552
-0.286129
0.338246
0.702768
-0.266048
-0.690676
0.046510
0.241764
0.157390
-0.662686
0.126392
-0.825714
1.590325
0.895598
-0.221534
-0.349321
0.016927
0.911941
0.586564
-0.759068
-0.930156
-0.192990
1.064601
0.162814
-0.725748
-0.375042
-0.585589
0.451468
0.238556
-1.187304
-0.700463
-0.162848
0.624043
0.565359
0.475172
-0.885663
-0.097706
-0.247228
0.743294
-0.888390
-0.604723
-1.050070
0.164781
0.058364
-0.259423
-1.079404
0.034259
-0.584063
0.742802
-0.985673
-0.723800
-1.737991
0.166498
0.388476
-0.201670
-0.667176
-0.020039
0.230744
-0.338273
-0.935485
-0.043441
-1.234663
0.259573
0.987997
-1.041813
-0.581093
0.014955
-0.059445
-0.797784
-0.334436
0.218848
-1.464658
-0.250806
0.864617
-0.796141
-0.786252
-0.101104
-0.588337
-0.411152
-0.699776
0.231690
-1.239083
-0.547026
0.539566
-0.693755
-0.291257
0.200167
-0.399105
-0.652438
-0.655995
0.011051
-1.313920
-0.338439
-0.668754
-0.824784
0.178707
0.642397
-0.034734
-0.146826
-0.572196
0.719037
-1.174721
-0.066173
-0.274495
0.032492
-0.492416
0.350495
-0.436380
-0.534028
-0.265205
0.807468
-0.662198
0.044959
0.048941
-0.096245
0.386141
1.108807
-0.067539
-0.567439
-0.792310
0.313966
-1.027016
-0.199653
-0.091335
-0.469291
0.152557
1.206659
-0.651892
-0.505666
-0.812185
0.069287
-0.893097
-0.090845
-0.935730
-0.551067
-0.171087
0.926967
-0.588957
-0.193445
-0.763419
-0.275362
-1.333995
-0.058660
-0.662194
-0.672138
-0.395106
0.398633
-1.211568
-0.604013
-0.225669
-0.032770
-1.565792
-0.080788
-0.856857
-0.794553
-0.517336
0.230632
-0.923461
-1.265892
-0.430800
0.098370
-1.030689
-0.358195
-0.792437
-0.756118
-0.588673
0.403841
-1.153404
-0.617695
-0.762640
-0.627031
-1.687460
-0.474300
-1.161726
-0.966854
-0.631580
-0.000944
-0.775633
-0.890511
-1.563023
-0.903468
-1.582018
-0.193554
-0.612124
-1.564026
-1.034909
0.546737
-0.964424
-0.654412
-1.259020
-0.670606
-1.603342
0.056201
-0.412919
-2.123789
-0.780047
0.105171
-1.153449
-1.131998
-1.241100
-0.413340
-1.240105
-0.311924
0.252249
-1.448964
-1.100082
0.392001
-0.873286
-0.875534
-1.977193
-0.538256
-1.547435
-0.471036
0.239032
-1.152363
-1.401862
0.342717
-0.295349
-1.166165
-1.366910
-0.538656
-1.352474
0.101485
0.885050
-1.265960
-1.474642
0.615127
0.022818
-0.849079
-2.038475
-0.784988
-1.892927
-0.450689
0.362595
-1.515740
-1.063393
1.120284
-0.829667
-1.231708
-1.661593
-0.298351
-1.944907
0.233402
0.714419
-1.511170
-1.118766
1.270766
-0.178309
-1.496999
-1.381305
-0.132034
-1.172217
0.030475
-0.016719
-0.950402
-1.216743
0.432403
-0.908420
-0.927292
-1.294579
-0.235007
-1.122533
0.513951
0.789684
-0.585584
-1.051708
1.121858
-0.295231
-0.585869
-1.286738
-0.494924
-0.402960
0.829271
1.281857
-0.427378
-0.768882
1.005378
-0.566414
-1.316148
-1.664982
-0.409382
-0.690055
0.796117
0.763120
-0.640647
0.071864
1.555495
-0.132005
-1.185834
-1.529144
-0.030676
-0.866389
0.476767
0.812372
0.092578
-0.056489
1.030949
-0.002949
-0.464745
-1.414325
-0.590578
-0.746139
0.732542
1.218503
-0.579870
-0.800125
0.631127
-0.403646
-1.361192
-2.173836
-0.901409
-1.131120
0.595235
0.907152
-0.278613
-0.510961
0.771409
-0.252452
-1.538879
-1.972981
-0.188824
-0.999575
0.885760
0.679231
-0.277744
-0.132945
0.917187
0.315005
-2.370121
-2.309521
-0.628257
-1.607126
0.690778
1.113260
-0.609229
-0.386897
0.598781
-0.834253
-1.521425
-2.413944
-0.716300
-1.341608
0.241069
0.237404
-0.506288
-0.172295
0.428111
-0.471527
-1.199996
-1.849403
-0.785168
-1.232586
0.300025
0.112485
-1.023495
-0.202556
0.198321
-0.576434
-1.664914
-2.065943
-0.325640
-1.842415
-0.320587
-0.083694
-1.471157
-0.824119
-0.124436
-1.796425
-1.687642
-2.122469
-1.031034
-2.328320
0.045440
0.247491
-1.147007
-1.226941
0.684086
-1.561692
-2.653651
-1.975626
-1.093446
-1.740019
0.204534
0.999327
-1.147016
-1.053041
1.178106
-1.574802
-2.421162
-1.297269
-0.874874
-1.393968
0.296259
0.824804
-0.782119
-1.320035
0.966588
-1.028798
-1.872775
-1.174622
-0.329800
-2.231296
0.255224
0.332932
-1.296872
-1.343350
0.868894
-1.710656
-2.156408
-1.551212
-1.077408
-1.876924
-0.233514
-0.064930
-1.210671
-1.655230
0.602889
-1.249016
-1.538956
-1.628862
-1.125589
-2.173092
0.087065
-0.492197
-1.770729
-1.005684
1.136045
-0.696759
-2.662262
-1.642048
-0.272208
-2.362847
-0.426381
0.089436
-1.408598
-0.642753
1.574050
-1.327667
-2.436804
-0.981356
-0.683771
-2.238511
-0.248990
0.375141
-1.824635
-1.074671
1.263702
-1.358049
-2.595920
-1.964428
-0.803474
-1.803755
0.347134
0.063863
-2.339155
-1.110470
1.333380
-1.138110
-2.988404
-1.833262
-0.779092
-2.174583
-0.068663
-0.451734
-2.161493
-1.210654
0.652912
-0.849137
-3.084587
-2.560439
-1.171572
-1.700677
0.203374
-0.039585
-2.095160
-0.873614
0.418155
-0.846216
-2.087584
-2.483011
-0.701336
-2.736948
0.060735
0.429440
-2.129424
-1.303688
0.854968
-0.603279
-1.873503
-2.519267
-0.565305
-2.950045
0.659317
1.052099
-1.715960
-1.034031
0.268389
0.461531
-1.588890
-2.293089
-1.056982
-2.223191
0.976231
-0.015840
-1.966513
-1.266100
0.070194
-0.004569
-2.114530
-2.853919
-0.319207
-1.894436
1.218919
0.225842
-1.440765
-0.819143
1.479219
0.637374
-1.199087
-1.702124
-0.403941
-2.434548
1.209585
0.603729
-1.849075
-1.330526
1.044474
-0.197932
-1.601616
-1.838668
-0.349292
-2.296185
1.707177
0.910118
-1.845006
-0.518122
0.793035
0.011281
-1.221546
-1.873032
-0.152824
-2.577044
1.393769
0.479825
-1.790114
-1.579113
0.922657
-0.008255
-1.396370
-1.278580
-0.263313
-2.449838
1.277962
0.577320
-1.613963
-1.062283
1.062124
-0.171257
-0.959322
-1.313824
-0.284487
-2.260682
0.188245
0.375597
-1.036899
-1.903044
0.108338
-0.388562
-0.824907
-2.090242
0.150711
-1.533166
1.194084
0.487871
-0.740854
-1.767044
1.023879
0.096813
-0.481002
-1.352027
-0.349825
-1.875928
1.039446
-0.183439
-1.640372
-1.827856
0.659726
-0.455168
-0.901997
-1.381129
0.046310
-0.690740
2.498121
0.078492
-1.537620
-1.456757
1.093062
-0.210200
-0.681911
-1.428215
0.189598
-0.887717
1.760053
-0.272583
-0.992668
-1.648117
0.226101
-0.581183
-1.143621
-1.955807
0.326268
-1.104757
1.411527
0.069500
-1.122540
-1.355044
0.067305
-0.956312
-1.176467
-2.369440
-0.211569
-1.075912
2.142875
0.529113
-0.854420
-1.084553
0.308844
-0.223765
-0.602736
-1.819216
-0.908161
-1.305560
1.283149
0.303958
-1.387888
-1.651767
0.950196
-0.335841
-0.825995
-2.000506
-1.123551
-0.863400
1.750048
0.342931
-1.971394
-1.853919
0.975140
-1.162079
-0.512036
-1.359977
-0.644222
-1.387614
1.564112
0.255311
-1.670823
-1.162166
0.233036
-0.794291
-0.785907
-2.064040
-0.352478
-0.949243
1.376717
0.441507
-1.080730
-0.959682
0.498968
-0.620744
-1.102110
-1.813998
-0.865662
-1.726368
1.079014
0.222315
-0.551948
-1.611675
0.647681
0.225048
-0.434748
-2.135826
-1.099062
-1.794318
0.689905
0.785343
-0.479489
-1.202416
1.109720
0.084747
-0.839708
-1.861181
-1.041795
-1.991561
0.439125
-0.474200
-1.007934
-1.529483
0.942882
-0.186504
-0.110190
-1.717500
-0.734180
-1.744295
0.729240
0.395232
-1.355016
-1.058638
0.847937
-0.174416
-0.145536
-1.281393
-0.957650
-1.598084
1.308096
0.584744
-1.451395
-0.318132
0.721567
-0.710677
-0.255580
-1.416433
-1.103210
-0.741332
1.819249
0.484896
-1.296579
0.214379
1.213483
-0.543048
-0.173167
-1.859126
-1.071285
-0.261458
1.854610
0.554276
-1.202298
-0.414816
0.344840
-1.221885
0.173242
-1.849217
-1.138775
-0.053658
2.659337
0.481171
-1.144051
-0.537370
0.850710
-1.052823
-0.170672
-1.289465
-0.428472
-0.129538
2.460083
0.120079
-0.672022
-0.357398
1.196545
-0.768837
0.025138
-1.234863
-0.251304
-0.936518
1.588203
0.353239
-0.474099
-0.174957
1.267649
-0.421965
0.215450
-1.344192
-0.623260
-0.482650
1.837989
0.866876
-0.861444
-0.342211
0.971979
1.040720
0.403555
-1.761228
-1.563907
-1.059895
2.285274
0.982082
-1.337560
-1.059308
0.916272
0.299055
0.618214
-1.495200
-1.185547
-0.588617
2.457231
0.844400
-0.957775
-0.342637
1.016759
-0.084505
0.189666
-1.328975
-1.343489
-0.802314
2.116528
0.331742
-0.708549
-0.517703
0.963108
0.001630
0.816285
-1.227678
-1.044851
-1.409849
1.557062
-0.395139
-0.737187
-0.746077
0.449567
0.534684
-0.032494
-0.831144
-0.703780
-1.213993
2.131476
0.315718
-0.205318
-0.762437
0.967440
0.546699
-0.144928
-1.640920
-0.351291
-0.404194
2.168001
1.216003
-0.489787
-0.764012
0.782170
0.433979
-0.200032
-1.907272
-0.603459
-0.591535
1.737476
0.417091
-0.313796
0.181062
0.539896
0.179663
-0.561357
-1.868415
-0.925449
-0.741654
1.161411
0.549464
-1.376444
-0.087759
1.003712
0.417925
0.349778
-1.242383
-0.730798
-0.853041
1.568716
0.338907
-0.290799
-0.538767
0.267686
0.499778
0.509953
-1.937192
-0.439025
-0.941452
1.072357
0.512357
-0.516964
0.034363
0.410537
0.538798
0.023749
-2.137969
-1.119166
-0.616133
-0.167132
0.677633
-1.520521
-0.465384
1.014065
0.505228
-0.059136
-1.535077
-0.925759
-1.245446
-0.574361
0.450943
-0.864878
-0.214954
0.788483
0.404713
-0.058428
-1.921851
-1.109948
-0.956654
0.244300
0.056386
-0.595784
-0.419852
-0.234877
0.665470
-0.475933
-2.101703
-1.017829
-1.190643
1.010407
0.643414
-1.070922
-0.386359
0.410898
0.642622
-0.928283
-1.824524
-1.131162
-0.618898
1.473169
0.503039
-0.600656
-0.166153
0.780202
0.067307
-0.352121
-1.109686
-0.934365
-1.742561
0.965178
-0.205355
-1.790996
-1.096721
0.246865
-0.427157
-0.775092
-1.250434
-1.853660
-1.461688
0.376099
-0.186207
-1.051292
-0.631214
0.235096
-0.032180
-0.211610
-1.887740
-1.662752
-1.897295
0.428725
0.309260
-1.234563
-0.550700
0.491142
0.273565
-0.392107
-1.086122
-1.569277
-1.421145
0.709751
0.260983
-1.415527
-0.169087
0.765317
0.763347
-0.426281
-1.172167
-1.099279
-1.387232
0.555408
-0.051921
-1.072030
-0.787757
0.213698
0.429557
-0.932882
-0.968367
-1.627621
-1.050117
0.431743
0.277537
-1.487992
-0.580558
1.055505
0.395199
-1.054853
-0.914398
-1.861201
-1.284804
0.306019
0.163933
-1.960984
-0.783893
0.669083
-0.046376
-0.311521
-1.675269
-1.322596
-0.829268
0.352559
0.042460
-1.217866
-0.136690
0.782662
-0.203061
-1.145762
-1.933127
-0.939992
-0.781151
-0.038920
0.023212
-0.735513
-0.520598
1.066122
-0.294649
-1.078132
-2.270975
-1.185225
-0.916772
0.169545
0.117870
-0.991802
-0.688155
0.128419
0.232312
-1.076319
-2.377462
-1.305092
-0.849834
0.093253
0.701402
-1.432447
-0.526673
0.718081
0.707028
-1.282670
-2.034271
-0.709124
-0.619974
0.757395
0.812690
-0.825912
-0.539924
1.517615
0.670563
-0.437854
-1.501309
0.439844
-0.050468
0.569209
0.076987
-0.785095
0.494164
0.963550
1.341587
0.072698
-1.337474
-0.236104
-0.861083
0.700231
-0.139562
-1.445758
-0.049370
0.507014
0.480791
-0.650184
-1.105304
-0.447027
-1.236491
-0.256306
-0.346408
-1.212331
-0.687767
0.769473
0.838560
-0.330256
-1.253340
-0.781421
-1.344529
0.630684
0.527391
-1.292927
-0.302962
0.856806
1.309445
-0.126028
-1.358034
-2.107429
-1.577912
1.654698
0.082337
-1.719024
-0.500048
1.295342
1.285704
-0.420095
-1.406238
-1.917981
-0.695915
0.990849
0.255589
-1.750566
-1.085350
0.858030
1.096739
-0.817408
-1.436559
-2.087711
-0.732839
1.596127
0.630771
-1.558133
-1.232585
0.932565
0.231505
-0.947978
-1.897461
-0.796293
-0.732386
1.617901
0.151977
-1.534402
-0.877020
1.072886
0.521249
-0.487500
-1.040681
-0.875855
-0.327868
1.748807
0.697155
-1.961358
-0.458630
1.364786
1.330297
-0.941882
-1.040840
-0.647013
-0.213059
1.347938
0.094485
-1.379490
-0.601947
0.785293
1.225537
-0.110586
-1.311737
-0.565458
-0.987086
0.733961
-0.641750
-1.597715
-1.131376
0.774426
0.689620
0.122526
-1.972121
-1.815278
-1.087782
1.141358
-0.883992
-1.731466
-1.738831
0.381805
0.697137
-0.541159
-1.493087
-1.373312
-1.812103
0.452338
0.103292
-1.937532
-0.819248
0.345810
1.033512
-0.768711
-1.758255
-1.589343
-1.429285
0.388349
-0.230948
-1.972199
-0.091009
0.170560
0.760455
-1.243929
-1.801084
-2.186271
-1.401515
0.170393
-0.900790
-1.629730
-0.303873
0.671040
0.743855
-2.109907
-2.943622
-1.347590
-1.413728
0.685790
-0.505307
-1.332538
-0.355308
0.683272
1.228399
-1.666834
-1.851652
-0.885694
-1.479681
0.950409
-0.717018
-1.342826
-0.294904
0.613572
1.115892
-1.481237
-1.894037
-2.031077
-1.517838
0.990739
-0.748021
-1.965217
-1.295896
0.381575
1.051111
-1.740973
-2.358362
-1.640110
-1.464217
0.923526
-0.350096
-1.518133
-0.745711
0.235170
0.584193
-1.053615
-1.646797
-2.205077
-1.751060
0.561437
0.192044
-1.483138
-0.790556
0.471995
0.933930
-1.075218
-2.027599
-1.548394
-1.400239
1.055627
-0.239540
-1.359467
-1.341601
0.959648
1.282013
-0.889195
-0.981252
-1.471864
-1.099334
1.576463
-0.044158
-1.551241
-0.385318
1.207239
0.383252
-0.729526
-0.537578
-1.705491
-0.619932
0.718432
0.404115
-1.890644
-0.578053
1.716761
0.266423
-1.281265
-1.400962
-2.219010
-0.885658
0.887242
0.489950
-1.578383
-1.205003
0.627463
0.024046
-1.489418
-1.551468
-2.605552
-1.871513
0.953278
-0.701454
-2.628713
-1.963828
-0.107564
0.077493
-1.602381
-2.383166
-1.299639
-1.181253
0.101327
-0.337388
-2.064129
-1.616488
-0.155216
0.335185
-2.148006
-2.135911
-1.470076
-1.044906
0.644117
-0.582664
-1.815737
-1.452423
0.438826
-0.031763
-1.710440
-2.466892
-1.740106
-1.764720
0.928439
-0.340921
-1.907820
-1.777168
0.383481
0.312752
-1.395415
-2.028096
-1.030347
-1.801428
0.580506
-0.203310
-1.661861
-0.977724
0.843277
-0.000138
-0.592643
-1.854562
-1.951195
-2.267124
0.770653
-1.041811
-1.583506
-1.263197
0.259373
0.052324
-1.592851
-2.352345
-1.008255
-1.745874
0.479108
-1.204390
-2.061258
-1.121581
1.092358
0.661664
-1.843283
-2.850586
-1.057692
-1.242957
-0.379982
-0.492889
-1.599207
-0.870822
1.019415
0.763225
-1.611180
-1.927451
-1.542128
-1.195194
0.488944
-0.448464
-1.951002
-0.775731
1.580734
0.660273
-1.726574
-1.711920
-1.466289
-1.197054
0.955073
-0.369431
-1.565386
-1.312558
1.872030
1.144045
-1.731264
-2.172165
-1.568971
-0.943093
0.794365
-0.311442
-1.256879
-1.350468
1.129741
0.668813
-2.022189
-2.060203
-1.354454
-1.060757
0.850966
-0.571787
-1.068640
-1.079802
1.351299
-0.256311
-1.891675
-1.966477
-1.745579
-1.537814
0.627496
-0.804665
-1.632356
-0.830683
1.077927
-0.383691
-2.434402
-2.119191
-1.362472
-1.426413
0.547962
0.053547
-1.822042
-0.888503
1.412643
0.291608
-2.525470
-1.937316
-0.900168
-1.112306
0.463644
-0.368176
-2.475143
-0.787111
1.392927
0.833034
-1.688252
-1.322761
-1.334600
-1.552651
1.366514
-0.145554
-2.651284
-0.572398
1.241525
0.570087
-1.713682
-1.442261
-1.246058
-1.201202
0.918238
0.321089
-2.035696
-0.824758
0.894724
0.382413
-1.217443
-1.745972
-1.354618
-1.235879
0.850492
0.662348
-1.151855
-1.091720
0.780175
0.316408
-1.311330
-1.473028
-1.813466
-0.914578
1.700535
-0.323519
-1.048418
-1.084047
0.764017
0.375669
-0.723735
-1.296036
-1.401407
-1.506033
1.306366
-0.582301
-1.575602
-0.345308
1.088217
1.469874
-0.820493
-1.586420
-1.692055
-1.342306
0.767828
-0.079903
-1.768502
-0.821922
0.732358
0.908582
-0.655604
-1.860084
-2.256614
-0.662637
0.857994
0.087794
-2.279477
-1.398201
0.816302
0.943934
-0.905805
-1.211283
-1.663818
-0.805719
0.979847
-0.652087
-1.606013
-0.809348
0.508742
0.588476
-0.528931
-1.505776
-2.032641
-1.064592
0.867548
-0.308392
-1.924415
-1.784252
-0.030227
0.918988
-0.685679
-1.931696
-1.646745
-0.806361
0.408186
-0.808706
-2.298179
-0.826621
1.182040
1.656300
-0.819475
-2.107085
-1.625980
-1.180337
1.129955
-0.621456
-2.561963
-0.834716
0.584270
0.895819
-1.507080
-1.705081
-0.669852
-1.476765
1.276975
0.231662
-1.822754
-0.238934
0.649277
0.364974
-1.347115
-1.671721
-0.772927
-0.587426
1.480629
0.289003
-1.871931
0.453768
0.552332
0.274039
-0.906320
-1.203901
-1.286099
-0.340632
1.003912
0.686564
-1.842630
-0.003268
0.196347
1.378122
-0.592284
-1.435683
-1.502718
-0.931244
1.408198
0.293103
-2.112979
0.044959
0.414177
0.955389
-1.082665
-0.961545
-1.275425
-0.593870
0.962556
-0.071211
-2.244889
0.653558
0.210821
0.737722
-0.380746
-1.006090
-1.159036
-1.328744
0.205890
-0.067360
-2.519665
-0.161906
0.387483
0.812775
-0.588668
-1.239063
-0.748591
-1.127145
0.068419
0.569237
-1.658670
-0.187058
0.092318
-0.309002
-0.564634
-1.467963
-0.870471
-1.177392
0.499392
0.379216
-1.432884
-0.276796
-0.146099
-0.126117
-0.714171
-1.502488
-1.293608
-0.804816
0.447810
-0.052731
-1.667315
-0.531118
0.424478
0.619369
-0.034855
-1.439388
-1.408339
-0.722765
1.177116
-0.103488
-1.291419
-0.125310
0.549221
-0.346318
-0.696179
-2.036811
-1.323696
-0.975784
1.054113
0.651080
-1.442823
-0.215534
0.268268
-0.259609
-1.249625
-2.570059
-1.807067
-1.048760
0.777863
0.384346
-1.926675
-0.726172
0.517104
0.158238
-1.224943
-2.677602
-1.751024
-0.990394
1.136499
-0.417156
-1.316247
-0.798801
0.379952
0.085594
-1.016752
-2.927682
-0.970513
-1.051198
1.094433
-0.400649
-1.381967
-0.034677
1.064186
-0.099708
-1.130108
-2.420929
-0.869394
-1.248334
1.300593
-0.347054
-1.735136
0.367083
1.041798
-0.194245
-1.129299
-2.524077
-1.029694
-1.327253
1.652286
-1.056204
-1.680796
0.059200
0.685700
0.259966
-1.003863
-1.698972
-1.613944
-1.554994
1.451522
-0.757851
-1.994517
0.197418
1.418777
0.042352
-1.043735
-1.734683
-1.177009
-1.392676
1.355085
-0.084220
-1.308171
0.522965
1.774016
0.715566
-0.915373
-1.371872
-1.244669
-1.560044
1.166210
-0.382727
-1.387133
-0.225856
0.981970
0.518432
-0.904120
-2.266756
-0.933669
-1.983209
1.080495
-0.359810
-1.914980
-0.211632
1.141564
0.022345
-1.072368
-1.686094
-1.116329
-1.605603
1.956828
-0.798440
-1.707650
-0.873236
1.131351
0.039917
-0.053085
-1.365574
-1.718317
-2.336894
1.380797
-0.550004
-1.474346
0.103533
1.405733
-0.044593
-0.752640
-1.720799
-1.714713
-1.490044
1.261205
-0.470270
-1.604115
0.976988
0.800578
-0.443598
-0.778723
-1.951487
-1.586306
-1.342230
1.091953
-0.695748
-1.686511
0.662112
0.779871
0.429088
-1.075234
-2.636316
-1.479849
-1.380668
1.337625
-0.251515
-1.627152
0.130424
0.550657
0.889261
-1.044510
-2.189000
-1.070190
-1.657244
1.441495
0.557561
-1.640281
1.431286
1.235781
0.613237
-0.725062
-1.421149
-0.933893
-1.399948
1.992416
0.439614
-1.055150
1.622461
1.593904
0.878984
0.112799
-0.678285
-1.305623
-1.368480
1.309437
0.005123
-0.981902
0.779451
1.637347
0.975245
0.436169
-1.125190
-0.802474
-1.652852
1.592172
-0.110815
-1.579721
0.844208
1.927431
0.540771
-0.266239
-1.828296
-1.638329
-1.707442
2.070214
0.019241
-1.072966
0.053767
2.198990
-0.409527
-0.911862
-1.335224
-0.970911
-1.336403
1.850611
0.734169
-0.880286
0.148653
1.931796
-0.283597
-0.555606
-0.743350
-0.996579
-1.089171
2.115822
1.092724
-0.386992
1.085499
1.624299
0.154867
-0.063279
-0.913526
-0.999943
-2.097732
1.025034
0.202190
-0.798105
-0.223980
0.947094
-0.616635
0.266506
-1.694083
-0.625065
-1.666848
1.564978
-0.244007
-0.469063
0.338353
1.448360
-0.351933
0.208107
-1.656690
-1.005903
-2.043139
1.288226
0.108418
0.305920
-0.275939
0.859161
-0.343096
0.295860
-1.359772
-1.401578
-2.272294
1.290877
0.310722
-0.537000
0.433831
1.342949
-0.724158
0.311971
-1.382349
-2.022041
-1.724125
1.391387
0.156848
-0.315598
0.426658
1.082063
-0.922683
0.680014
-1.235709
-1.947982
-1.609590
1.438985
0.790419
-1.003108
0.694089
1.721625
-0.366914
0.060096
-1.460737
-1.754767
-1.892678
1.280554
-0.306784
-0.428529
0.902766
1.537972
-0.344630
0.748547
-1.393756
-1.802977
-1.390740
1.157322
-0.144133
-0.121023
0.759990
0.937972
0.430520
-0.218755
-1.359462
-1.714432
-2.176546
0.765410
0.059742
-0.835648
0.002800
1.437292
0.738674
-0.302206
-1.621831
-1.542761
-2.085243
1.791203
0.930797
-0.913315
0.186609
1.924110
0.972748
0.094366
-1.814614
-2.138688
-1.652316
1.043893
0.346311
-1.726005
-0.264163
1.309557
-0.071629
0.544828
-1.854619
-1.542105
-2.074916
0.222082
0.721745
-1.558372
-0.621791
1.204315
0.097898
0.438117
-1.844985
-1.519541
-1.579636
1.056163
0.649320
-1.582302
-0.616470
1.338361
0.104445
0.619077
-1.775043
-2.169677
-2.313131
0.588854
-0.367283
-1.230071
-0.637017
1.258884
0.148715
0.746482
-1.468993
-2.035587
-2.498792
0.902419
0.523355
-1.323387
0.102800
1.653251
0.233659
0.584478
-1.713253
-1.939880
-2.239402
-0.075333
-0.123025
-1.981875
-0.088390
0.833952
-0.141792
-0.394064
-2.113163
-1.441781
-2.038987
0.297033
-0.270778
-1.257878
-0.377785
1.588917
0.083394
0.512655
-1.923981
-2.354850
-2.406953
0.371014
0.261779
-1.746547
-0.228073
2.335970
-0.424604
1.105941
-1.755030
-2.118327
-2.356990
0.012183
0.238260
-1.631616
0.371686
1.821402
-0.187408
0.303019
-1.880988
-1.868774
-2.178834
0.272487
0.234460
-1.519737
0.149408
1.153253
-0.714475
-0.352684
-2.243236
-1.725198
-2.141789
0.797425
0.210750
-1.301003
-0.398338
2.086486
0.021382
-0.647908
-3.296356
-1.475252
-1.838615
0.736199
0.095263
-1.920527
-0.163925
1.926580
-0.338406
-0.028536
-2.089091
-1.680485
-2.004336
0.661475
0.353303
-1.988446
0.167664
2.112856
-0.000037
0.624804
-2.044526
-1.528811
-2.535783
0.499517
-0.366510
-1.428964
0.001337
2.082524
0.058313
0.314016
-1.778224
-1.410112
-2.274633
0.612953
-0.151840
-1.932031
-0.138120
1.882424
-0.142104
0.103539
-1.729185
-1.390539
-2.610717
0.248799
-0.092862
-1.725050
-0.934741
0.787226
-0.034561
1.018676
-1.584263
-1.493756
-2.886050
-0.057015
-0.488439
-1.838831
-0.892785
0.935368
0.141078
0.366264
-2.108693
-1.471865
-2.465045
-0.133023
0.045691
-2.077352
-0.631961
1.056637
-0.141308
0.125448
-1.756979
-2.447654
-2.430900
0.570028
0.569311
-1.613486
-0.183051
1.698643
-0.856089
0.507850
-1.444798
-1.553798
-1.221710
0.641395
1.023289
-1.345615
0.041403
1.561178
-0.849234
0.335792
-1.845289
-2.248538
-1.477881
-0.155322
0.670183
-1.016159
1.236294
1.191150
-0.981746
0.584262
-1.853221
-1.205817
-1.200251
0.537476
0.288012
-0.827039
0.805080
1.952126
-0.974921
0.092912
-1.827921
-1.215197
-1.187520
0.158823
-0.082077
-1.326105
0.555431
1.468744
-1.208219
-0.211367
-1.954631
-0.850999
-1.493205
0.161528
0.501451
-1.504809
0.829947
1.498635
-0.953263
-0.343919
-2.140453
-1.312394
-1.634727
0.260714
1.009619
-1.817142
-0.459364
1.379652
-0.625844
-0.266281
-2.475693
-1.116854
-0.694078
0.662529
0.418036
-0.703041
-0.519209
1.510119
-0.545977
-0.606082
-2.119537
-1.323971
-1.175773
0.888710
0.552844
-2.074411
-0.302021
1.294503
-0.850870
-0.632255
-2.081048
-0.916028
-1.701760
0.796735
0.182283
-1.916546
-0.794673
1.683954
-0.603820
-0.552164
-2.949975
-1.273038
-1.212795
1.024571
0.825823
-2.020496
-0.401882
1.489625
-0.471333
-0.781092
-2.938248
-1.274203
-1.181605
0.478651
0.409023
-2.057720
-0.057906
1.485242
-0.458137
-0.594302
-3.010321
