-0.696887
-0.776484
-0.752717
-0.753043
-0.736774
-0.788714
-0.778713
-0.749790
-0.800601
-0.826011
-0.879432
-0.866128
-0.824505
-0.804585
-0.834387
-0.821375
-0.799088
-0.846796
-0.765876
-0.786490
-0.757288
-0.788501
-0.800700
-0.781231
-0.808360
-0.873226
-0.861942
-0.899828
-0.867952
-0.944613
-0.959746
-0.993454
-0.973070
-1.050164
-1.050776
-1.075200
-1.048680
-1.015845
-1.004387
-1.019068
-0.947334
-1.022028
-0.998823
-0.989156
-1.012638
-0.973677
-0.932660
-1.018326
-1.031684
-1.005341
-0.995715
-0.990801
-0.961446
-0.978816
-1.012440
-1.046400
-1.059574
-1.050164
-1.059846
-1.106463
-1.152562
-1.152298
-1.187445
-1.145404
-1.232111
-1.209866
-1.203502
-1.160686
-1.153009
-1.174131
-1.210828
-1.207938
-1.227764
-1.197968
-1.136367
-1.078177
-1.089977
-1.106784
-1.077837
-1.060811
-1.115007
-1.097197
-1.036676
-1.036534
-1.047920
-1.008923
-1.032297
-0.954954
-0.966256
-0.934331
-0.916320
-0.858021
-0.854422
-0.884544
-0.902802
-0.854118
-0.891209
-0.908469
-0.919404
-0.928794
-0.983525
-1.000908
-1.026582
-1.017235
-1.011264
-0.980230
-0.996741
-0.932789
-0.945052
-0.945349
-0.950763
-0.990552
-1.042285
-1.036806
-1.105993
-1.051392
-1.045365
-1.021484
-1.022689
-1.049829
-1.038602
-1.018646
-1.007700
-0.989097
-0.937860
-0.917474
-0.896384
-0.897923
-0.947953
-1.003793
-1.049415
-1.054646
-1.081699
-1.082974
-1.058386
-1.106563
-1.107481
-1.034511
-1.034993
-1.036233
-0.997196
-1.055088
-1.064711
-1.095238
-1.072259
-1.099700
-1.089927
-1.105543
-1.104373
-1.096754
-1.126898
-1.070860
-1.056476
-0.993304
-1.025899
-1.017811
-1.013283
-1.037637
-1.039050
-0.984403
-0.972282
-0.919907
-0.927950
-0.998132
-1.002891
-0.989244
-0.963194
-0.956185
-0.935132
-0.868102
-0.859146
-0.893824
-0.854750
-0.824674
-0.910722
-0.859153
-0.855136
-0.899992
-0.924045
-0.897255
-0.880486
-0.891447
-0.828867
-0.879088
-0.878679
-0.936032
-0.932982
-0.878708
-0.857369
-0.862788
-0.887658
-0.918094
-0.911833
-0.923973
-0.959222
-1.030450
-0.996985
-1.020882
-1.053637
-1.074713
-1.027389
-1.022384
-0.981635
-0.935255
-0.938440
-1.013833
-0.972665
-0.971225
-0.961898
-0.946375
-0.886277
-0.882983
-0.936984
-0.913358
-0.883709
-0.904288
-0.947779
-0.951207
-0.987194
-1.025392
-1.043886
-1.036114
-1.092699
-1.099270
-1.075953
-1.022540
-1.026781
-0.969674
-0.982633
-0.974912
-1.041563
-1.053787
-1.029568
-0.965716
-0.933452
-0.910111
-0.865269
-0.821535
-0.830602
-0.838602
-0.834505
-0.777762
-0.744316
-0.760095
-0.816642
-0.783872
-0.824810
-0.862433
-0.827833
-0.816539
-0.777807
-0.769064
-0.737282
-0.788301
-0.753389
-0.759331
-0.774760
-0.779183
-0.724233
-0.725465
-0.736167
-0.753473
-0.693077
-0.722172
-0.732786
-0.735269
-0.677483
-0.676317
-0.707841
-0.706943
-0.718701
-0.739567
-0.794983
-0.803510
-0.816631
-0.899144
-0.894954
-0.850121
-0.850808
-0.861159
-0.814146
-0.803456
-0.775974
-0.833626
-0.825465
-0.760320
-0.713321
-0.702787
-0.724430
-0.684610
-0.646941
-0.627205
-0.628437
-0.606628
-0.581328
-0.589842
-0.557279
-0.630777
-0.678764
-0.676216
-0.634006
-0.640185
-0.639903
-0.656287
-0.684497
-0.681749
-0.710687
-0.665048
-0.678502
-0.690318
-0.745735
-0.697079
-0.697540
-0.678071
-0.670698
-0.679405
-0.680943
-0.628317
-0.643044
-0.596263
-0.593641
-0.594707
-0.561367
-0.604273
-0.556217
-0.526400
-0.596755
-0.526548
-0.602875
-0.651461
-0.701862
-0.667328
-0.596048
-0.589729
-0.552648
-0.508096
-0.498662
-0.486984
-0.506762
-0.531531
-0.543431
-0.544223
-0.547766
-0.549001
-0.569123
-0.614758
-0.616678
-0.630061
-0.618815
-0.654100
-0.631402
-0.657574
-0.690981
-0.682956
-0.618112
-0.636785
-0.650117
-0.651540
-0.660923
-0.707050
-0.719775
-0.641662
-0.692554
-0.676109
-0.598341
-0.592897
-0.611028
-0.640034
-0.631234
-0.673346
-0.686204
-0.650124
-0.714681
-0.704830
-0.730040
-0.706406
-0.652553
-0.588217
-0.560278
-0.613387
-0.523330
-0.609222
-0.584937
-0.580428
-0.571345
-0.588681
-0.566718
-0.574826
-0.555263
-0.605066
-0.626473
-0.585320
-0.514835
-0.487586
-0.450448
-0.442443
-0.419999
-0.425081
-0.438661
-0.474155
-0.444667
-0.455116
-0.467993
-0.482947
-0.497101
-0.515270
-0.472944
-0.452685
-0.494567
-0.457844
-0.444464
-0.449603
-0.410987
-0.429569
-0.421062
-0.364431
-0.378694
-0.340914
-0.340499
-0.338218
-0.334402
-0.320144
-0.284970
-0.332756
-0.375435
-0.363898
-0.348325
-0.341191
-0.347674
-0.297854
-0.296471
-0.362778
-0.408529
-0.428054
-0.423082
-0.390394
-0.381914
-0.360443
-0.341371
-0.362744
-0.384156
-0.416410
-0.410034
-0.378700
-0.393738
-0.403885
-0.441377
-0.459990
-0.404794
-0.393143
-0.429919
-0.416277
-0.362574
-0.387837
-0.377417
-0.402082
-0.395371
-0.368999
-0.346476
-0.341817
-0.276509
-0.322306
-0.391278
-0.379662
-0.417474
-0.455933
-0.444528
-0.470194
-0.449444
-0.443785
-0.471405
-0.397676
-0.398221
-0.370787
-0.422405
-0.399871
-0.377385
-0.358896
-0.327584
-0.311182
-0.355939
-0.319591
-0.316475
-0.348432
-0.385702
-0.364253
-0.370818
-0.417935
-0.463356
-0.407462
-0.371888
-0.346029
-0.343285
-0.317643
-0.302155
-0.302267
-0.256233
-0.265631
-0.293273
-0.293663
-0.292413
-0.332894
-0.354751
-0.363050
-0.336401
-0.363563
-0.441796
-0.457556
-0.486138
-0.495800
-0.553938
-0.485898
-0.463052
-0.485285
-0.479452
-0.497451
-0.443443
-0.448780
-0.396485
-0.419397
-0.431636
-0.406681
-0.439208
-0.490686
-0.488003
-0.541356
-0.513728
-0.495782
-0.497149
-0.500337
-0.443899
-0.436501
-0.457715
-0.407802
-0.425637
-0.380805
-0.390755
-0.448735
-0.442736
-0.472812
-0.503283
-0.479709
-0.510353
-0.521546
-0.461788
-0.475008
-0.499757
-0.532436
-0.558237
-0.510655
-0.502674
-0.501690
-0.491283
-0.471214
-0.454659
-0.501282
-0.482791
-0.466875
-0.456076
-0.469177
-0.427472
-0.470822
-0.499679
-0.537278
-0.553049
-0.529005
-0.542352
-0.572101
-0.546773
-0.530166
-0.603269
-0.568847
-0.537688
-0.540656
-0.511822
-0.487195
-0.479521
-0.391229
-0.405225
-0.448670
-0.425119
-0.446261
-0.440920
-0.410032
-0.406462
-0.396500
-0.443901
-0.420418
-0.400145
-0.360003
-0.357554
-0.356669
-0.420529
-0.486395
-0.558401
-0.530169
-0.486755
-0.499271
-0.498942
-0.518069
-0.518013
-0.508835
-0.483849
-0.514730
-0.546585
-0.552502
-0.582159
-0.566452
-0.575235
-0.548593
-0.520210
-0.590365
-0.580532
-0.557977
-0.562648
-0.539119
-0.521345
-0.467667
-0.494759
-0.508885
-0.524964
-0.526857
-0.468821
-0.514870
-0.496560
-0.479054
-0.490093
-0.425483
-0.375475
-0.384827
-0.423098
-0.404558
-0.375465
-0.357133
-0.439940
-0.473419
-0.481266
-0.512229
-0.529537
-0.482251
-0.534848
-0.496113
-0.478780
-0.451410
-0.442183
-0.469877
-0.484516
-0.479594
-0.486384
-0.456017
-0.486039
-0.470382
-0.460165
-0.436244
-0.472082
-0.416217
-0.425231
-0.463312
-0.437090
-0.434291
-0.404243
-0.463586
-0.460454
-0.481684
-0.517806
-0.523355
-0.538770
-0.555996
-0.522886
-0.538192
-0.519754
-0.460186
-0.521899
-0.461407
-0.465284
-0.503412
-0.473900
-0.395690
-0.373166
-0.362011
-0.339937
-0.380509
-0.328377
-0.315281
-0.276449
-0.278740
-0.288737
-0.263775
-0.344797
-0.330638
-0.345691
-0.379111
-0.350010
-0.318672
-0.310594
-0.303462
-0.309682
-0.357679
-0.397249
-0.425725
-0.455827
-0.481412
-0.507537
-0.516948
-0.524755
-0.484372
-0.497265
-0.479746
-0.459285
-0.432159
-0.390570
-0.372874
-0.352272
-0.336288
-0.383085
-0.437525
-0.428574
-0.386032
-0.333368
-0.300419
-0.388935
-0.396793
-0.400094
-0.405405
-0.368354
-0.396699
-0.462847
-0.490757
-0.506548
-0.491073
-0.537227
-0.554149
-0.615107
-0.632704
-0.625136
-0.607872
-0.568422
-0.572673
-0.598578
-0.649335
-0.644196
-0.648427
-0.635160
-0.607290
-0.655080
-0.672685
-0.650830
-0.680637
-0.696587
-0.788732
-0.749752
-0.699071
-0.789015
-0.770438
-0.780033
-0.794812
-0.831941
-0.823011
-0.808601
-0.801957
-0.732306
-0.740947
-0.752284
-0.767250
-0.776437
-0.746043
-0.787080
-0.786509
-0.758142
-0.742333
-0.689982
-0.702254
-0.672768
-0.704535
-0.710814
-0.747223
-0.760117
-0.753343
-0.781744
-0.759960
-0.719956
-0.711349
-0.729907
-0.758466
-0.696688
-0.710180
-0.749746
-0.744570
-0.758518
-0.756729
-0.769690
-0.755280
-0.797029
-0.761613
-0.770015
-0.764525
-0.778825
-0.758621
-0.792239
-0.754003
-0.772924
-0.741628
-0.792969
-0.890407
-0.824432
-0.836621
-0.824555
-0.803061
-0.835310
-0.832914
-0.794883
-0.832507
-0.784771
-0.803702
-0.876763
-0.879145
-0.946381
-0.953380
-0.957085
-0.911767
-0.891583
-0.846067
-0.802413
-0.774926
-0.806748
-0.857932
-0.878245
-0.839845
-0.802031
-0.754791
-0.748924
-0.643846
-0.649387
-0.655319
-0.682393
-0.650945
-0.633276
-0.652512
-0.643058
-0.666453
-0.708171
-0.685098
-0.661783
-0.710137
-0.705740
-0.692013
-0.705071
-0.714242
-0.640137
-0.680400
-0.657506
-0.638994
-0.599363
-0.582073
-0.596331
-0.633984
-0.590543
-0.608585
-0.627030
-0.670269
-0.680360
-0.655233
-0.653316
-0.705566
-0.734620
-0.755293
-0.691559
-0.610098
-0.611899
-0.639574
-0.612973
-0.587167
-0.552265
-0.549924
-0.532584
-0.542429
-0.563318
-0.551660
-0.624672
-0.594913
-0.601313
-0.599026
-0.653990
-0.607717
-0.596165
-0.582921
-0.575388
-0.584043
-0.567407
-0.573493
-0.495117
-0.478885
-0.413622
-0.361150
-0.409631
-0.354340
-0.380354
-0.359515
-0.363128
-0.368556
-0.390240
-0.382374
-0.362660
-0.336095
-0.354309
-0.321208
-0.328497
-0.330372
-0.311581
-0.284512
-0.263525
-0.275311
-0.303508
-0.333140
-0.366754
-0.364653
-0.355109
-0.418910
-0.414238
-0.351423
-0.327954
-0.269460
-0.186828
-0.216619
-0.232989
-0.207338
-0.217310
-0.186131
-0.189015
-0.233643
-0.206877
-0.231063
-0.232477
-0.310730
-0.314526
-0.313064
-0.293058
-0.317551
-0.297018
-0.314258
-0.277713
-0.241479
-0.270018
-0.300771
-0.308104
-0.295542
-0.317777
-0.312562
-0.292961
-0.264558
-0.236973
-0.249728
-0.260426
-0.301738
-0.277737
-0.251271
-0.235580
-0.278019
-0.259442
-0.213671
-0.206798
-0.163066
-0.124837
-0.094425
-0.130966
-0.115941
-0.184836
-0.112202
-0.069028
-0.125726
-0.157800
-0.181880
-0.116323
-0.106436
-0.179134
-0.168606
-0.171171
-0.148732
-0.166018
-0.206881
-0.174077
-0.225808
-0.215738
-0.195232
-0.194518
-0.184652
-0.167150
-0.143163
-0.124636
-0.105575
-0.056518
-0.096314
-0.072872
-0.094207
-0.087392
-0.070030
-0.104725
-0.094011
-0.080053
-0.128314
