-1.207044
-2.530308
-0.834909
-1.148440
-0.780860
-2.122067
-1.081859
-0.602537
-2.116507
-1.829050
-2.493341
-1.312884
-0.613727
-0.860757
-1.814364
-1.070762
-0.808926
-2.159760
0.280646
-1.448458
-0.548377
-1.676504
-1.436500
-0.824873
-1.692610
-2.587470
-1.268871
-2.181607
-0.880366
-2.943110
-1.986534
-2.370981
-1.352132
-3.223287
-1.944449
-2.367205
-1.378038
-1.096706
-1.393008
-1.894234
-0.185423
-2.897274
-1.228460
-1.381043
-2.023955
-0.839926
-0.626693
-3.083538
-1.976317
-1.172214
-1.381736
-1.441997
-0.925283
-1.772168
-2.196813
-2.335595
-2.019903
-1.572496
-1.897804
-2.682942
-2.840804
-2.027693
-2.695591
-1.216495
-3.644048
-1.750305
-1.919612
-1.122974
-1.660012
-2.237649
-2.650077
-1.970224
-2.391170
-1.433726
-0.636394
-0.466736
-1.714506
-1.923679
-1.073911
-1.207310
-2.626446
-1.388951
-0.419227
-1.422961
-1.703661
-0.737876
-1.870499
0.069894
-1.446522
-0.663755
-0.847583
0.009979
-0.919873
-1.663105
-1.579685
-0.285175
-1.850566
-1.627795
-1.561920
-1.563637
-2.520851
-1.959881
-2.154943
-1.503233
-1.497556
-0.944035
-1.789517
-0.218967
-1.524487
-1.369218
-1.487153
-2.221610
-2.625084
-1.629056
-3.090088
-0.800698
-1.518119
-1.131122
-1.551667
-2.102435
-1.426444
-1.185564
-1.290482
-1.102199
-0.372312
-0.823275
-0.775680
-1.196717
-2.236387
-2.575354
-2.566287
-1.871850
-2.285700
-1.830056
-1.264288
-2.634786
-1.854654
-0.304002
-1.500941
-1.554478
-0.747263
-2.588186
-1.856888
-2.298375
-1.303073
-2.215248
-1.558381
-2.017569
-1.728041
-1.574027
-2.308770
-0.657417
-1.266876
-0.235335
-1.972025
-1.321081
-1.368271
-1.955405
-1.592192
-0.438354
-1.091835
-0.255784
-1.316956
-2.677038
-1.635703
-1.244676
-0.921214
-1.211796
-0.915684
0.094749
-0.857464
-1.779369
-0.443598
-0.476317
-2.774279
-0.331936
-1.069486
-2.080409
-1.846170
-0.876975
-0.952450
-1.462371
-0.011786
-2.079802
-1.284628
-2.456372
-1.440860
-0.337765
-0.782574
-1.275477
-1.723391
-1.946479
-1.303657
-1.631779
-2.145846
-3.008579
-1.108129
-2.084522
-2.346179
-2.205359
-0.842822
-1.484123
-0.739034
-0.465367
-1.326931
-2.865294
-0.791442
-1.404050
-1.247506
-1.088775
-0.122791
-1.067826
-2.281498
-0.931239
-0.695624
-1.620211
-2.198428
-1.548287
-2.201654
-2.373177
-2.084924
-1.573148
-2.823502
-2.001248
-1.359560
-0.614545
-1.579697
-0.366659
-1.587235
-1.257818
-2.765425
-1.924803
-1.186501
-0.251595
-0.650565
-0.750713
-0.262203
-0.149975
-1.117713
-1.195666
-1.011198
0.066525
-0.206909
-1.139884
-2.093929
-0.507700
-1.869967
-1.981294
-0.630591
-0.940614
-0.343109
-0.818348
-0.346169
-1.945033
-0.421805
-1.109772
-1.350686
-1.195008
0.008343
-0.926225
-1.165068
-1.363105
0.156054
-1.436826
-1.214834
-1.092353
0.136138
-0.798067
-1.506650
-0.989395
-1.239057
-1.473243
-2.257928
-1.497544
-1.578417
-3.022952
-1.541093
-0.615394
-1.334245
-1.540803
-0.401572
-0.950029
-0.588934
-2.245260
-1.150685
0.075410
-0.036117
-0.642748
-1.316268
-0.178634
-0.075207
-0.332876
-0.734813
-0.310849
-0.181013
-0.810920
-0.043636
-2.112014
-1.917373
-1.042590
-0.177517
-0.987055
-0.899392
-1.245493
-1.556733
-1.024457
-1.640627
-0.215523
-1.222197
-1.259877
-2.198381
-0.272362
-1.044801
-0.649681
-0.824143
-1.139671
-1.039342
0.064454
-1.111015
0.054111
-0.677721
-0.784230
-0.107812
-1.556703
0.104712
-0.071869
-2.043364
0.522601
-2.181615
-1.954061
-2.150175
-0.559229
0.389125
-0.655714
-0.042437
0.232537
-0.352888
-0.324138
-0.961519
-1.174699
-1.016288
-0.827119
-0.877933
-0.841556
-1.230878
-1.831623
-1.099767
-1.303188
-0.828988
-1.716222
-0.659488
-1.541923
-1.791732
-1.050821
0.182653
-1.260316
-1.258596
-1.067912
-1.228264
-2.013125
-1.498753
0.353204
-1.955929
-0.811661
0.531487
-0.648100
-1.164781
-1.489706
-0.833800
-1.828747
-1.394685
-0.412072
-2.310556
-1.049716
-1.687890
-0.770217
-0.029203
0.397201
-0.131941
-1.746293
0.929002
-2.319188
-0.462422
-0.747398
-0.646051
-1.162045
-0.437500
-0.964467
-0.444799
-1.794138
-1.424781
-0.200766
0.587966
-0.038259
0.214399
-0.286474
-0.014502
-0.530290
-0.767028
-1.293967
-0.109698
-0.798028
-0.906284
-1.002786
-1.040483
-1.167602
0.015875
-0.251162
-1.466192
-0.042197
-0.360330
-0.707671
0.149397
-0.880538
-0.432105
0.581890
-0.662806
0.299049
-0.336740
-0.337721
-0.322464
-0.113082
0.354139
-1.232776
-1.356531
-0.403217
-0.245745
-0.353861
-0.614610
0.503980
-0.296298
-1.717561
-1.578130
-1.187328
-0.716022
-0.091250
-0.442035
-0.153765
-0.128198
-0.902568
-1.011161
-1.315914
-0.636408
-0.070790
-0.888762
-0.862949
-1.459473
-1.210410
0.261522
-0.385299
-1.354704
-0.481515
0.411362
-0.998914
-0.404418
-1.084241
-0.547837
-0.107206
-0.083222
-0.380475
0.855409
-1.185216
-1.898373
-0.515833
-1.439859
-1.590051
-0.684586
-1.354796
-0.486342
-0.683512
-1.339790
0.631940
-0.579361
-0.047185
-1.577961
-0.289107
-0.181265
-0.183194
0.132221
-0.074851
-1.301017
0.154133
-0.373269
-1.104449
-1.354853
-0.285030
-0.745667
-1.604096
-1.748895
0.187054
0.040567
-0.030699
-0.430303
0.019235
-0.107001
-0.396132
0.521172
-0.452775
-0.909175
-0.478357
-0.441472
-1.293731
-1.074315
-0.856804
-0.145854
-1.124912
-2.285983
-1.294072
-1.553767
-1.232140
-2.215625
0.180964
-0.412845
-1.256720
-0.781560
-1.234495
0.175871
-0.811972
0.321333
-1.023642
-0.935883
-0.225922
-1.302983
-1.836199
-0.913142
-2.009082
-0.537340
-0.576387
-0.892965
-0.938980
0.273780
-0.505310
-1.099092
0.254153
-0.936961
0.242182
-0.711727
-1.773400
-0.702438
-1.387735
-1.504831
-0.489523
-1.473236
-1.191211
0.246572
-0.992352
-1.308471
-1.569737
-1.539965
-0.104067
-0.693387
-0.818097
-0.629092
-0.393574
-0.395504
-1.644445
-0.513110
-0.471967
-0.518491
-0.979034
0.079317
-1.500119
-1.403138
-1.680578
-1.354381
-0.559807
-1.199300
-1.585074
-0.557467
-0.606064
-2.380526
-0.470329
-0.352366
-0.928240
-0.304977
-0.282538
-0.555928
1.098831
-0.673727
-1.408262
-0.235565
-1.050572
-0.607434
-0.058515
-0.502030
-0.382680
-1.537000
-0.287618
-0.239643
0.238754
-0.396012
-0.458029
-1.806251
-2.114329
-2.465053
-0.630953
-0.126543
-1.077945
-0.874947
-1.264590
-0.940313
-0.734478
-0.363236
-1.409560
-1.565545
-1.142674
-1.621854
-0.786523
-1.192339
-0.490774
-0.335508
-2.253310
-0.909605
-0.569808
-1.026432
-0.472897
-0.496170
0.295439
-1.169423
-1.057718
-1.159230
-0.927743
0.305185
-1.595452
-0.494101
-0.424916
-0.949888
0.541286
0.493593
-0.576068
-1.267043
-0.280288
0.015763
-0.105533
-2.138452
-1.482924
-1.049295
-1.514521
-1.330188
-0.036293
-1.865761
-0.212282
-0.464841
-0.199963
-0.478620
-1.225080
-1.085565
-0.733539
-0.941628
-0.203612
-1.316276
-0.515073
-0.552347
-0.236723
-1.378014
0.339921
-0.757985
-1.424065
-0.265961
-0.624515
-0.065716
-1.788584
-0.766148
-1.225546
-1.604417
-1.098439
-1.285568
-1.358790
-0.367568
-1.201719
-0.575138
0.352510
-1.906278
0.314828
-0.744949
-1.495830
-0.271537
0.861448
0.012953
-0.193970
0.025237
-1.209972
0.492181
-0.100705
0.437312
-0.287203
-0.503798
0.145200
-1.944218
-0.340420
-0.846223
-1.277681
-0.114492
0.074499
-0.285901
-0.297916
-0.562067
-1.459461
-1.480892
-1.379814
-1.483844
-1.467481
-1.533532
-1.248138
-1.205799
-0.212483
-1.117061
-0.551951
-0.412624
-0.200284
0.188357
-0.163682
-0.076863
-0.125994
-1.386362
-1.759595
-0.660574
0.104196
0.491317
0.271027
-2.138514
-0.880296
-0.782976
-0.818856
0.040282
-1.145582
-2.052534
-1.517135
-1.326417
-0.700773
-1.865646
-1.434058
-2.358972
-1.670364
-1.155143
-0.873939
-0.322197
-1.053415
-1.530473
-2.142098
-1.174204
-1.297516
-0.931045
-0.558981
-1.995500
-1.576318
-0.805109
-1.748921
-1.578355
-3.176200
-0.820239
-0.343508
-3.009226
-1.154278
-1.598189
-1.721440
-2.213947
-1.387066
-1.193903
-1.274479
0.051145
-1.276769
-1.409014
-1.540264
-1.478808
-0.691656
-2.024174
-1.345176
-0.748405
-0.882060
-0.082126
-1.216895
-0.452656
-1.606906
-1.239180
-1.876259
-1.532212
-1.152034
-1.823831
-0.897463
-0.411519
-0.898555
-1.447496
-1.742800
0.001670
-1.278368
-1.899122
-1.142448
-1.490346
-1.214509
-1.494776
-0.976678
-2.056979
-0.639412
-1.368052
-1.124371
-1.504023
-0.852930
-1.866244
-0.532317
-1.533083
-0.593328
-2.157962
-3.322891
-0.325616
-1.586638
-1.139807
-0.885508
-1.901846
-1.329346
-0.569987
-1.963503
-0.380997
-1.542680
-2.751516
-1.585897
-2.872207
-1.871460
-1.764785
-0.731143
-1.037862
-0.449237
-0.322665
-0.519466
-1.676157
-2.242959
-1.813692
-0.658357
-0.491569
-0.162113
-0.856282
1.152055
-0.735400
-0.859626
-1.364458
-0.298868
-0.460681
-1.177960
-0.696585
-1.340132
-1.822780
-0.652185
-0.527702
-1.909573
-1.035451
-0.802230
-1.290056
-1.266945
0.411769
-1.633391
-0.543807
-0.539012
-0.050142
-0.375871
-0.996919
-1.568852
-0.066002
-1.140871
-1.246364
-1.829061
-1.309459
-0.593187
-0.947138
-2.054975
-1.785896
-1.691110
-0.001618
0.648973
-0.762002
-1.365133
-0.391877
-0.303599
-0.038233
-0.600691
-0.327494
-0.844405
-1.140592
-0.568401
-2.255612
-0.444566
-1.024858
-0.872632
-2.032339
-0.170590
-0.661364
-0.594114
-0.671720
-0.989765
-0.519061
-0.922183
0.771259
-0.200258
0.808925
0.758928
-1.179178
0.678493
-0.786378
0.016137
-0.420248
-0.502893
-0.876834
-0.367884
-0.090043
0.119728
-0.715489
0.232823
-0.472948
-0.422444
-0.020591
0.212096
0.170629
-0.453624
-0.872851
-1.027942
-1.218872
-0.598080
-0.405664
-1.858606
-0.703468
0.553864
0.013641
0.792148
1.485761
-0.554239
-0.486992
0.280120
-0.362426
0.410902
-0.179326
-1.081426
0.187630
-0.736081
-0.379454
-1.953573
-0.731723
-0.583820
-0.168541
-0.986564
-0.162851
-0.839450
0.190811
0.338664
-0.867848
-1.060476
-0.699409
-0.300378
-0.950821
-0.476631
-0.145399
0.116323
0.200045
-0.544244
-0.585042
-1.264340
-0.087294
0.084231
-0.037905
-1.189193
-0.126408
0.521361
-0.103794
0.642498
0.676546
0.619287
-0.688983
0.170764
-1.499421
1.110738
0.824273
-1.094249
-0.863561
-0.815363
0.950487
0.091308
-1.598063
-0.200469
-0.390728
0.120120
-0.600224
-1.164051
0.192478
-1.381307
-0.324560
-0.036626
-0.351734
-0.168468
0.024179
0.217646
0.183079
0.240483
0.902341
-0.757799
0.329363
-0.499780
-0.029934
0.212675
-0.795702
-0.019938
0.100964
-1.124548
