-1.207044
-1.802039
-1.346264
-1.432445
-1.320280
-1.741714
-1.450491
-1.289786
-1.755499
-1.703548
-1.932565
-1.590639
-1.352684
-1.401732
-1.696629
-1.483886
-1.390960
-1.809584
-1.065925
-1.560245
-1.294098
-1.636941
-1.587110
-1.400258
-1.664099
-1.972283
-1.595301
-1.873433
-1.481949
-2.115293
-1.864272
-1.991097
-1.683752
-2.262332
-1.906123
-2.033287
-1.729054
-1.614623
-1.685389
-1.840115
-1.305459
-2.122717
-1.648594
-1.677614
-1.877723
-1.516936
-1.419743
-2.180973
-1.893560
-1.640850
-1.686024
-1.699526
-1.532068
-1.783909
-1.936311
-2.005528
-1.926259
-1.788139
-1.882255
-2.139748
-2.222056
-1.989103
-2.195427
-1.742534
-2.483962
-1.939675
-1.969227
-1.706779
-1.846830
-2.029444
-2.178787
-1.986363
-2.115258
-1.820997
-1.541305
-1.444189
-1.808895
-1.893630
-1.637709
-1.661229
-2.108031
-1.754895
-1.429295
-1.708854
-1.805654
-1.508556
-1.845348
-1.245987
-1.677760
-1.444127
-1.484533
-1.203377
-1.465687
-1.711180
-1.712680
-1.312896
-1.779942
-1.740946
-1.732319
-1.739903
-2.052348
-1.910754
-1.980040
-1.785110
-1.771577
-1.588022
-1.835939
-1.347088
-1.719240
-1.684535
-1.724799
-1.965625
-2.124107
-1.838886
-2.296559
-1.609731
-1.791916
-1.664176
-1.782170
-1.961825
-1.765760
-1.678611
-1.698173
-1.632126
-1.387284
-1.498399
-1.475682
-1.601712
-1.941975
-2.090219
-2.125201
-1.929474
-2.058489
-1.927371
-1.741617
-2.159709
-1.944407
-1.443272
-1.771612
-1.794376
-1.539132
-2.102348
-1.914272
-2.059676
-1.760557
-2.032300
-1.841559
-1.978822
-1.896624
-1.844426
-2.073314
-1.565902
-1.718051
-1.381194
-1.895756
-1.718755
-1.729611
-1.916754
-1.819947
-1.450499
-1.620625
-1.349685
-1.656593
-2.106103
-1.826783
-1.701025
-1.585817
-1.660897
-1.564068
-1.227853
-1.488796
-1.786819
-1.389965
-1.373333
-2.093193
-1.378639
-1.573697
-1.898283
-1.857929
-1.562096
-1.563878
-1.716355
-1.261757
-1.879844
-1.667654
-2.041591
-1.757260
-1.396300
-1.497625
-1.644247
-1.795748
-1.886919
-1.701713
-1.799147
-1.971584
-2.271443
-1.709114
-1.988507
-2.087378
-2.061587
-1.634300
-1.800236
-1.559014
-1.442651
-1.689509
-2.191226
-1.584131
-1.745764
-1.696278
-1.639751
-1.320766
-1.583090
-1.977066
-1.587762
-1.493181
-1.769957
-1.974044
-1.797359
-2.005557
-2.084297
-2.014681
-1.857675
-2.247249
-2.021693
-1.813321
-1.552896
-1.822840
-1.441353
-1.792947
-1.703094
-2.182784
-1.963490
-1.730703
-1.410295
-1.492828
-1.508158
-1.341520
-1.279711
-1.566831
-1.607807
-1.559548
-1.214390
-1.264379
-1.547321
-1.872519
-1.408597
-1.819104
-1.886811
-1.478859
-1.549084
-1.350911
-1.477279
-1.324736
-1.818040
-1.372215
-1.566198
-1.650967
-1.613667
-1.231081
-1.491029
-1.574048
-1.648264
-1.175087
-1.641606
-1.597337
-1.566312
-1.174366
-1.432386
-1.664569
-1.524970
-1.603649
-1.687346
-1.952932
-1.746751
-1.772240
-2.240059
-1.820370
-1.510159
-1.702688
-1.769911
-1.411850
-1.552300
-1.432493
-1.946176
-1.640969
-1.239073
-1.227592
-1.394414
-1.610567
-1.267260
-1.207227
-1.268317
-1.390139
-1.261650
-1.208622
-1.397589
-1.163962
-1.806549
-1.802565
-1.553210
-1.268469
-1.495085
-1.474165
-1.585636
-1.697710
-1.546275
-1.738516
-1.301280
-1.587448
-1.611577
-1.920447
-1.341797
-1.548336
-1.423548
-1.465905
-1.563782
-1.539695
-1.187417
-1.526517
-1.169184
-1.371733
-1.409832
-1.197609
-1.640374
-1.143923
-1.165105
-1.780179
-1.014269
-1.827092
-1.814583
-1.907927
-1.427713
-1.090738
-1.373084
-1.177815
-1.066589
-1.227949
-1.219729
-1.421156
-1.508471
-1.476822
-1.423729
-1.439361
-1.429786
-1.554948
-1.761549
-1.557681
-1.618683
-1.473114
-1.745942
-1.431615
-1.693703
-1.792099
-1.575460
-1.169323
-1.582890
-1.600365
-1.549085
-1.600348
-1.857749
-1.724523
-1.134887
-1.814474
-1.489285
-1.044431
-1.366891
-1.536136
-1.657749
-1.469402
-1.779983
-1.671182
-1.361547
-1.940583
-1.584385
-1.775983
-1.497828
-1.239491
-1.064233
-1.192601
-1.698571
-0.887107
-1.862739
-1.338622
-1.409407
-1.375186
-1.535472
-1.317714
-1.470450
-1.312032
-1.730919
-1.650724
-1.270533
-0.984781
-1.137100
-1.044612
-1.185574
-1.100717
-1.255698
-1.341365
-1.523539
-1.170988
-1.368420
-1.412957
-1.453585
-1.475712
-1.525012
-1.156793
-1.209223
-1.586610
-1.163635
-1.237035
-1.341429
-1.073322
-1.376872
-1.251259
-0.921298
-1.281367
-0.990310
-1.169594
-1.175368
-1.172492
-1.105522
-0.948149
-1.434694
-1.514266
-1.238260
-1.175402
-1.198139
-1.277715
-0.925351
-1.146340
-1.605922
-1.611776
-1.514818
-1.371264
-1.162088
-1.248309
-1.151184
-1.128808
-1.365894
-1.419271
-1.532017
-1.335417
-1.145510
-1.383512
-1.387969
-1.585702
-1.531386
-1.068657
-1.232046
-1.537076
-1.285879
-0.987588
-1.401073
-1.233909
-1.444503
-1.291722
-1.144216
-1.117661
-1.199383
-0.803758
-1.413399
-1.682785
-1.289361
-1.571000
-1.644377
-1.376961
-1.576985
-1.314397
-1.358192
-1.563581
-0.951271
-1.283342
-1.118548
-1.591807
-1.219963
-1.166582
-1.152183
-1.040693
-1.088036
-1.474261
-1.044772
-1.186296
-1.421652
-1.527037
-1.209376
-1.337409
-1.617088
-1.696356
-1.103475
-1.103107
-1.101763
-1.214918
-1.073239
-1.098006
-1.183791
-0.894081
-1.175762
-1.335091
-1.219749
-1.207652
-1.479962
-1.439101
-1.381503
-1.155773
-1.447371
-1.839555
-1.575191
-1.660465
-1.571145
-1.886034
-1.154314
-1.286364
-1.541202
-1.406571
-1.545694
-1.106066
-1.381454
-1.025950
-1.420603
-1.414680
-1.196859
-1.523640
-1.720139
-1.459368
-1.802620
-1.366310
-1.351824
-1.438897
-1.454963
-1.068348
-1.276837
-1.466775
-1.051658
-1.397382
-1.037459
-1.312068
-1.664670
-1.365164
-1.576274
-1.634010
-1.326818
-1.620038
-1.550971
-1.094582
-1.445383
-1.559848
-1.661558
-1.673098
-1.227034
-1.376656
-1.412472
-1.352357
-1.269993
-1.257510
-1.648415
-1.322393
-1.293181
-1.297260
-1.438907
-1.111287
-1.587404
-1.591609
-1.699229
-1.618036
-1.369151
-1.552080
-1.684640
-1.374602
-1.367699
-1.924167
-1.365615
-1.296329
-1.458138
-1.262965
-1.235858
-1.309021
-0.777536
-1.285408
-1.541471
-1.201568
-1.444869
-1.320517
-1.140421
-1.261097
-1.223941
-1.589133
-1.225458
-1.190409
-1.023792
-1.201132
-1.224824
-1.659635
-1.806472
-1.961420
-1.416793
-1.223272
-1.493052
-1.438261
-1.561666
-1.470568
-1.401954
-1.274827
-1.591903
-1.666021
-1.551198
-1.704638
-1.455165
-1.569005
-1.349049
-1.278087
-1.873295
-1.496031
-1.374677
-1.502916
-1.329785
-1.320124
-1.055854
-1.489513
-1.479934
-1.523712
-1.460732
-1.065617
-1.632176
-1.317568
-1.280584
-1.437443
-0.970044
-0.939459
-1.253183
-1.490001
-1.205537
-1.096731
-1.116910
-1.759462
-1.613214
-1.492983
-1.642057
-1.601386
-1.193908
-1.741318
-1.250826
-1.299209
-1.203027
-1.274629
-1.510763
-1.488728
-1.385407
-1.446802
-1.214827
-1.548632
-1.315881
-1.314910
-1.207223
-1.557111
-1.035496
-1.345515
-1.570164
-1.228096
-1.321680
-1.142148
-1.673699
-1.392260
-1.533443
-1.668590
-1.529400
-1.588087
-1.619001
-1.309917
-1.549291
-1.360079
-1.048010
-1.729727
-1.068280
-1.361534
-1.609486
-1.246549
-0.860012
-1.077730
-1.136607
-1.065430
-1.450829
-0.940353
-1.092832
-0.916905
-1.126091
-1.204204
-1.007687
-1.661336
-1.209809
-1.356616
-1.504883
-1.154348
-1.068819
-1.162510
-1.163844
-1.245915
-1.540140
-1.582207
-1.574128
-1.621967
-1.632185
-1.665039
-1.585688
-1.572068
-1.254111
-1.510599
-1.339629
-1.280946
-1.198830
-1.056886
-1.143463
-1.108971
-1.115088
-1.512616
-1.670493
-1.355840
-1.098799
-0.942429
-0.978348
-1.733411
-1.400601
-1.370491
-1.381747
-1.108646
-1.460578
-1.774181
-1.648532
-1.600181
-1.404351
-1.760875
-1.653529
-1.955611
-1.773028
-1.610850
-1.507669
-1.314190
-1.518588
-1.676636
-1.891240
-1.614672
-1.643738
-1.525859
-1.394230
-1.833665
-1.735317
-1.496666
-1.779245
-1.745437
-2.265037
-1.572244
-1.379956
-2.194776
-1.667259
-1.787866
-1.831252
-1.996317
-1.754111
-1.679505
-1.691879
-1.261422
-1.636507
-1.691199
-1.743458
-1.734584
-1.487646
-1.891189
-1.705038
-1.510306
-1.531216
-1.265365
-1.593759
-1.364089
-1.715115
-1.624600
-1.832833
-1.748271
-1.632100
-1.839379
-1.561785
-1.386889
-1.514348
-1.687743
-1.798313
-1.259602
-1.622741
-1.835967
-1.622939
-1.727598
-1.648223
-1.734743
-1.577056
-1.910893
-1.486853
-1.690782
-1.619899
-1.737111
-1.538946
-1.847736
-1.445634
-1.736113
-1.450865
-1.928938
-2.341576
-1.447365
-1.792696
-1.658454
-1.566516
-1.876606
-1.717993
-1.470548
-1.888672
-1.411565
-1.747299
-2.151668
-1.830408
-2.237067
-1.960502
-1.922101
-1.587508
-1.648943
-1.447279
-1.376222
-1.413343
-1.771320
-1.982393
-1.882418
-1.522856
-1.438180
-1.307337
-1.500446
-0.859983
-1.394245
-1.451530
-1.624828
-1.307290
-1.337410
-1.558962
-1.423199
-1.623896
-1.797579
-1.451845
-1.391530
-1.818034
-1.575143
-1.493992
-1.639382
-1.642076
-1.109926
-1.710818
-1.397184
-1.378830
-1.211397
-1.290736
-1.483331
-1.682070
-1.229557
-1.540849
-1.591268
-1.791556
-1.654806
-1.427892
-1.519932
-1.873989
-1.825392
-1.810707
-1.278603
-1.019226
-1.415968
-1.619613
-1.332247
-1.285158
-1.184909
-1.344695
-1.261761
-1.419049
-1.525539
-1.359253
-1.891133
-1.364630
-1.523133
-1.478902
-1.848007
-1.290660
-1.409229
-1.381013
-1.398107
-1.496814
-1.354227
-1.471888
-0.935801
-1.191672
-0.865106
-0.840746
-1.434601
-0.885673
-1.317866
-1.087397
-1.214897
-1.248433
-1.374936
-1.229141
-1.133963
-1.053693
-1.305132
-1.018858
-1.222345
-1.215773
-1.090430
-1.003913
-1.000957
-1.190699
-1.338540
-1.410555
-1.491946
-1.314173
-1.246408
-1.702836
-1.377969
-0.965112
-1.090039
-0.827921
-0.568032
-1.170582
-1.183145
-0.953645
-1.143042
-0.906805
-1.075570
-1.371427
-0.999587
-1.274090
-1.179101
-1.683296
-1.347379
-1.294874
-1.156290
-1.401416
-1.155205
-1.354611
-1.037307
-0.962078
-1.325273
-1.412201
-1.318337
-1.192889
-1.390144
-1.254121
-1.141910
-1.043210
-0.997385
-1.219482
-1.246220
-1.472866
-1.125342
-1.049396
-1.070051
-1.430400
-1.123278
-0.900045
-1.068380
-0.829325
-0.790558
-0.788070
-1.193119
-0.951550
-1.477202
-0.693331
-0.728571
-1.317596
-1.291430
-1.297617
-0.745909
-0.970477
-1.509108
-1.116602
-1.164816
-1.001545
-1.215121
-1.409614
-1.003239
-1.479428
-1.178634
-1.074195
-1.158698
-1.100195
-1.031597
-0.958051
-0.954140
-0.926042
-0.704223
-1.205211
-0.892849
-1.142227
-1.010221
-0.927650
-1.239407
-1.018268
-0.970071
-1.353106
